SYMBOL,SERIES,DATE1,PREV_CLOSE,OPEN_PRICE,HIGH_PRICE,LOW_PRICE,LAST_PRICE,CLOSE_PRICE,AVG_PRICE,TTL_TRD_QNTY,TURNOVER_LACS,NO_OF_TRADES,DELIV_QTY,DELIV_PER
SUNDRMCLAY,EQ,02-01-1996,204.00,204.0,205.0,200.0,-,205.0,202.73,550,"1,11,500.00",-,-,-
SUNDRMCLAY,EQ,03-01-1996,205.00,207.0,207.0,203.05,-,203.7,204.62,250,"51,155.00",-,-,-
SUNDRMCLAY,EQ,04-01-1996,203.70,199.0,202.0,199.0,-,202.0,200.0,200,"40,000.00",-,-,-
SUNDRMCLAY,EQ,05-01-1996,202.00,198.0,198.0,192.05,-,194.05,195.35,150,"29,302.50",-,-,-
SUNDRMCLAY,EQ,09-01-1996,194.05,190.0,190.0,175.5,-,190.0,185.17,150,"27,775.00",-,-,-
SUNDRMCLAY,EQ,11-01-1996,190.00,185.0,185.0,185.0,-,185.0,185.0,100,"18,500.00",-,-,-
SUNDRMCLAY,EQ,12-01-1996,185.00,180.0,180.0,180.0,-,180.0,180.0,50,"9,000.00",-,-,-
SUNDRMCLAY,EQ,15-01-1996,180.00,185.0,185.0,185.0,-,185.0,185.0,50,"9,250.00",-,-,-
SUNDRMCLAY,EQ,16-01-1996,185.00,183.0,183.0,183.0,-,183.0,183.0,50,"9,150.00",-,-,-
SUNDRMCLAY,EQ,17-01-1996,183.00,183.0,183.0,183.0,-,183.0,183.0,50,"9,150.00",-,-,-
SUNDRMCLAY,EQ,18-01-1996,183.00,187.0,187.0,187.0,-,187.0,187.0,50,"9,350.00",-,-,-
SUNDRMCLAY,EQ,19-01-1996,187.00,192.0,192.0,192.0,-,192.0,192.0,100,"19,200.00",-,-,-
SUNDRMCLAY,EQ,22-01-1996,192.00,194.9,194.9,190.0,-,192.7,193.23,200,"38,645.00",-,-,-
SUNDRMCLAY,EQ,23-01-1996,192.70,192.1,192.1,191.0,-,191.0,191.37,300,"57,410.00",-,-,-
SUNDRMCLAY,EQ,24-01-1996,191.00,192.1,192.1,192.1,-,192.1,192.1,50,"9,605.00",-,-,-
SUNDRMCLAY,EQ,25-01-1996,192.10,195.0,195.25,195.0,-,195.25,195.08,150,"29,262.50",-,-,-
SUNDRMCLAY,EQ,29-01-1996,195.25,195.25,202.0,195.25,-,202.0,200.54,300,"60,162.50",-,-,-
SUNDRMCLAY,EQ,30-01-1996,202.00,196.05,206.0,196.0,-,206.0,202.68,300,"60,802.50",-,-,-
SUNDRMCLAY,EQ,31-01-1996,206.00,206.0,208.5,206.0,-,208.5,207.25,200,"41,450.00",-,-,-
SUNDRMCLAY,EQ,01-02-1996,208.50,208.0,208.0,208.0,-,208.0,208.0,50,"10,400.00",-,-,-
SUNDRMCLAY,EQ,02-02-1996,208.00,208.0,217.0,208.0,-,215.5,214.88,400,"85,950.00",-,-,-
SUNDRMCLAY,EQ,05-02-1996,215.50,225.0,225.0,225.0,-,225.0,225.0,100,"22,500.00",-,-,-
SUNDRMCLAY,EQ,06-02-1996,225.00,224.0,225.75,224.0,-,225.25,224.72,400,"89,887.50",-,-,-
SUNDRMCLAY,EQ,07-02-1996,225.25,225.0,235.0,225.0,-,232.35,230.4,250,"57,600.00",-,-,-
SUNDRMCLAY,EQ,08-02-1996,232.35,234.9,240.0,230.0,-,235.0,234.3,600,"1,40,582.50",-,-,-
SUNDRMCLAY,EQ,09-02-1996,235.00,235.0,240.0,240.0,-,240.0,240.0,500,"1,20,000.00",-,-,-
SUNDRMCLAY,EQ,12-02-1996,240.00,240.0,260.0,250.0,-,258.5,256.13,400,"1,02,450.00",-,-,-
SUNDRMCLAY,EQ,13-02-1996,258.50,259.0,283.0,259.0,-,280.0,277.52,"3,650","10,12,945.00",-,-,-
SUNDRMCLAY,EQ,14-02-1996,280.00,280.0,308.0,280.0,-,299.6,302.32,"2,900","8,76,735.00",-,-,-
SUNDRMCLAY,EQ,15-02-1996,299.60,299.6,309.0,295.0,-,301.0,304.2,"5,550","16,88,282.50",-,-,-
SUNDRMCLAY,EQ,16-02-1996,301.00,300.0,302.0,290.0,-,302.0,298.37,"2,050","6,11,650.00",-,-,-
SUNDRMCLAY,EQ,19-02-1996,302.00,295.5,302.75,290.2,-,300.7,295.2,"1,750","5,16,597.50",-,-,-
SUNDRMCLAY,EQ,20-02-1996,300.70,300.7,305.0,290.1,-,296.7,302.05,"4,050","12,23,297.50",-,-,-
SUNDRMCLAY,EQ,22-02-1996,296.70,300.0,310.0,297.0,-,301.0,306.96,700,"2,14,875.00",-,-,-
SUNDRMCLAY,EQ,23-02-1996,301.00,305.0,310.0,301.2,-,308.0,306.79,"2,000","6,13,570.00",-,-,-
SUNDRMCLAY,EQ,26-02-1996,308.00,310.0,315.0,305.25,-,308.65,311.5,"1,450","4,51,675.00",-,-,-
SUNDRMCLAY,EQ,27-02-1996,308.65,300.0,306.0,300.0,-,300.05,302.57,"1,000","3,02,567.50",-,-,-
SUNDRMCLAY,EQ,28-02-1996,300.05,305.0,305.0,295.0,-,295.0,301.67,150,"45,250.00",-,-,-
SUNDRMCLAY,EQ,29-02-1996,295.00,297.5,298.0,295.0,-,297.5,296.8,550,"1,63,240.00",-,-,-
SUNDRMCLAY,EQ,01-03-1996,297.50,297.5,291.0,285.0,-,287.0,289.0,400,"1,15,600.00",-,-,-
SUNDRMCLAY,EQ,04-03-1996,287.00,285.25,285.25,285.1,-,285.1,285.2,150,"42,780.00",-,-,-
SUNDRMCLAY,EQ,06-03-1996,285.10,290.0,299.0,286.0,-,291.0,290.71,"1,050","3,05,250.00",-,-,-
SUNDRMCLAY,EQ,07-03-1996,291.00,291.0,294.9,291.0,-,293.25,292.87,600,"1,75,722.50",-,-,-
SUNDRMCLAY,EQ,08-03-1996,293.25,293.25,290.0,286.25,-,290.0,288.18,950,"2,73,775.00",-,-,-
SUNDRMCLAY,EQ,11-03-1996,290.00,290.0,293.0,284.75,-,293.0,287.25,550,"1,57,985.00",-,-,-
SUNDRMCLAY,EQ,12-03-1996,293.00,293.0,287.0,282.05,-,282.25,283.68,550,"1,56,022.50",-,-,-
SUNDRMCLAY,EQ,13-03-1996,282.25,282.0,285.0,282.0,-,285.0,283.5,100,"28,350.00",-,-,-
SUNDRMCLAY,EQ,14-03-1996,285.00,285.0,285.0,285.0,-,285.0,285.0,50,"14,250.00",-,-,-
SUNDRMCLAY,EQ,15-03-1996,285.00,285.0,304.0,286.0,-,303.75,301.09,"3,150","9,48,425.00",-,-,-
SUNDRMCLAY,EQ,18-03-1996,303.75,298.0,300.0,295.0,-,295.0,296.66,400,"1,18,665.00",-,-,-
SUNDRMCLAY,EQ,19-03-1996,295.00,287.35,302.75,287.35,-,296.45,297.3,"1,650","4,90,540.00",-,-,-
SUNDRMCLAY,EQ,21-03-1996,296.45,296.45,300.0,295.0,-,300.0,298.03,"1,300","3,87,435.00",-,-,-
SUNDRMCLAY,EQ,22-03-1996,300.00,300.0,302.95,285.05,-,300.0,298.27,650,"1,93,877.50",-,-,-
SUNDRMCLAY,EQ,25-03-1996,300.00,300.0,300.0,300.0,-,300.0,300.0,300,"90,000.00",-,-,-
SUNDRMCLAY,EQ,26-03-1996,300.00,300.0,302.0,300.0,-,302.0,300.36,350,"1,05,125.00",-,-,-
SUNDRMCLAY,EQ,27-03-1996,302.00,302.45,302.5,302.0,-,302.0,302.38,250,"75,595.00",-,-,-
SUNDRMCLAY,EQ,28-03-1996,302.00,300.1,303.8,300.1,-,303.8,302.25,300,"90,675.00",-,-,-
SUNDRMCLAY,EQ,01-04-1996,303.80,303.0,304.0,300.5,-,304.0,301.5,300,"90,450.00",-,-,-
SUNDRMCLAY,EQ,02-04-1996,304.00,306.5,315.0,306.5,-,312.2,311.52,450,"1,40,182.50",-,-,-
SUNDRMCLAY,EQ,03-04-1996,312.20,325.0,341.0,325.0,-,338.75,332.88,"1,400","4,66,032.50",-,-,-
SUNDRMCLAY,EQ,04-04-1996,338.75,330.35,332.0,330.0,-,330.3,330.62,500,"1,65,310.00",-,-,-
SUNDRMCLAY,EQ,08-04-1996,330.30,329.95,331.0,328.0,-,328.1,330.26,"1,050","3,46,777.50",-,-,-
SUNDRMCLAY,EQ,09-04-1996,328.10,328.1,334.9,330.0,-,331.6,332.61,"2,300","7,64,995.00",-,-,-
SUNDRMCLAY,EQ,10-04-1996,331.60,340.0,340.0,332.75,-,338.1,339.24,"1,600","5,42,787.50",-,-,-
SUNDRMCLAY,EQ,11-04-1996,338.10,338.1,350.0,340.0,-,349.0,346.53,900,"3,11,880.00",-,-,-
SUNDRMCLAY,EQ,12-04-1996,349.00,349.0,348.5,339.0,-,339.0,341.59,500,"1,70,792.50",-,-,-
SUNDRMCLAY,EQ,15-04-1996,339.00,342.0,359.75,342.0,-,345.05,348.58,"1,450","5,05,445.00",-,-,-
SUNDRMCLAY,EQ,16-04-1996,345.05,346.0,359.0,338.0,-,359.0,345.84,"1,850","6,39,800.00",-,-,-
SUNDRMCLAY,EQ,17-04-1996,359.00,359.0,369.5,355.0,-,369.25,363.9,"1,000","3,63,895.00",-,-,-
SUNDRMCLAY,EQ,18-04-1996,369.25,369.25,375.0,362.5,-,368.3,368.7,950,"3,50,262.50",-,-,-
SUNDRMCLAY,EQ,19-04-1996,368.30,368.3,370.5,368.0,-,368.0,369.28,400,"1,47,710.00",-,-,-
SUNDRMCLAY,EQ,22-04-1996,368.00,368.0,367.45,360.0,-,360.0,362.73,"1,500","5,44,100.00",-,-,-
SUNDRMCLAY,EQ,23-04-1996,360.00,360.0,360.0,345.0,-,346.0,350.17,300,"1,05,050.00",-,-,-
SUNDRMCLAY,EQ,24-04-1996,346.00,346.0,380.0,348.0,-,374.5,362.43,"1,900","6,88,617.50",-,-,-
SUNDRMCLAY,EQ,25-04-1996,374.50,374.5,370.0,360.0,-,360.8,365.09,850,"3,10,322.50",-,-,-
SUNDRMCLAY,EQ,26-04-1996,360.80,360.8,364.0,350.05,-,354.75,354.37,"1,150","4,07,530.00",-,-,-
SUNDRMCLAY,EQ,29-04-1996,354.75,351.05,351.05,351.0,-,351.0,351.04,250,"87,760.00",-,-,-
SUNDRMCLAY,EQ,30-04-1996,351.00,350.0,352.75,345.0,-,345.0,347.07,750,"2,60,302.50",-,-,-
SUNDRMCLAY,EQ,01-05-1996,345.00,345.0,353.0,348.05,-,353.0,351.65,300,"1,05,495.00",-,-,-
SUNDRMCLAY,EQ,02-05-1996,353.00,350.0,356.9,350.0,-,356.9,353.92,700,"2,47,745.00",-,-,-
SUNDRMCLAY,EQ,03-05-1996,356.90,340.0,355.0,340.0,-,354.0,351.74,400,"1,40,697.50",-,-,-
SUNDRMCLAY,EQ,06-05-1996,354.00,360.0,362.0,350.0,-,361.0,359.2,"1,450","5,20,835.00",-,-,-
SUNDRMCLAY,EQ,07-05-1996,361.00,361.0,365.0,359.05,-,359.05,360.47,500,"1,80,232.50",-,-,-
SUNDRMCLAY,EQ,08-05-1996,359.05,359.0,365.0,352.0,-,361.8,359.85,550,"1,97,920.00",-,-,-
SUNDRMCLAY,EQ,09-05-1996,361.80,355.0,364.75,355.0,-,356.0,357.35,550,"1,96,545.00",-,-,-
SUNDRMCLAY,EQ,10-05-1996,356.00,352.0,355.0,335.0,-,335.0,341.33,"1,000","3,41,325.00",-,-,-
SUNDRMCLAY,EQ,13-05-1996,335.00,340.0,355.0,340.0,-,354.0,350.34,"1,200","4,20,402.50",-,-,-
SUNDRMCLAY,EQ,14-05-1996,354.00,354.0,347.0,347.0,-,347.0,347.0,100,"34,700.00",-,-,-
SUNDRMCLAY,EQ,15-05-1996,347.00,347.0,363.0,337.0,-,359.4,358.12,"1,500","5,37,175.00",-,-,-
SUNDRMCLAY,EQ,16-05-1996,359.40,359.4,368.0,360.0,-,360.0,361.65,"1,000","3,61,650.00",-,-,-
SUNDRMCLAY,EQ,17-05-1996,360.00,360.0,365.0,362.9,-,365.0,364.14,650,"2,36,690.00",-,-,-
SUNDRMCLAY,EQ,20-05-1996,365.00,365.0,362.0,350.05,-,362.0,354.6,350,"1,24,110.00",-,-,-
SUNDRMCLAY,EQ,21-05-1996,362.00,358.85,369.0,356.1,-,365.05,360.69,"3,650","13,16,525.00",-,-,-
SUNDRMCLAY,EQ,22-05-1996,365.05,365.05,357.1,357.1,-,357.1,357.1,50,"17,855.00",-,-,-
SUNDRMCLAY,EQ,23-05-1996,357.10,360.0,360.0,360.0,-,360.0,360.0,100,"36,000.00",-,-,-
SUNDRMCLAY,EQ,24-05-1996,360.00,355.0,355.0,355.0,-,355.0,355.0,50,"17,750.00",-,-,-
SUNDRMCLAY,EQ,27-05-1996,355.00,347.0,360.0,345.0,-,360.0,351.4,250,"87,850.00",-,-,-
SUNDRMCLAY,EQ,28-05-1996,360.00,350.0,350.0,345.0,-,345.0,346.67,150,"52,000.00",-,-,-
SUNDRMCLAY,EQ,29-05-1996,345.00,350.55,354.0,350.55,-,353.95,352.82,150,"52,922.50",-,-,-
SUNDRMCLAY,EQ,30-05-1996,353.95,360.0,360.0,357.0,-,358.5,359.4,250,"89,850.00",-,-,-
SUNDRMCLAY,EQ,31-05-1996,358.50,358.0,362.0,358.0,-,361.7,359.38,400,"1,43,750.00",-,-,-
SUNDRMCLAY,EQ,03-06-1996,361.70,361.7,372.0,361.9,-,372.0,366.48,400,"1,46,590.00",-,-,-
SUNDRMCLAY,EQ,04-06-1996,372.00,359.4,380.0,359.4,-,375.1,368.87,"1,650","6,08,635.00",-,-,-
SUNDRMCLAY,EQ,05-06-1996,375.10,375.0,395.0,375.0,-,395.0,382.62,700,"2,67,835.00",-,-,-
SUNDRMCLAY,EQ,06-06-1996,395.00,385.0,410.0,385.0,-,401.0,401.05,"1,000","4,01,045.00",-,-,-
SUNDRMCLAY,EQ,07-06-1996,401.00,406.5,408.9,397.0,-,400.0,402.9,"1,000","4,02,895.00",-,-,-
SUNDRMCLAY,EQ,10-06-1996,400.00,398.0,415.0,398.0,-,414.5,407.24,"1,900","7,73,755.00",-,-,-
SUNDRMCLAY,EQ,11-06-1996,414.50,415.0,415.0,405.25,-,408.85,409.36,"1,600","6,54,970.00",-,-,-
SUNDRMCLAY,EQ,12-06-1996,408.85,411.0,416.0,410.0,-,411.05,412.49,850,"3,50,612.50",-,-,-
SUNDRMCLAY,EQ,13-06-1996,411.05,400.25,400.25,400.25,-,400.25,400.25,50,"20,012.50",-,-,-
SUNDRMCLAY,EQ,14-06-1996,400.25,381.0,410.0,381.0,-,399.2,400.22,450,"1,80,100.00",-,-,-
SUNDRMCLAY,EQ,17-06-1996,399.20,405.0,405.0,377.0,-,378.25,385.76,400,"1,54,305.00",-,-,-
SUNDRMCLAY,EQ,18-06-1996,378.25,378.25,382.0,374.0,-,380.0,377.66,"1,000","3,77,662.50",-,-,-
SUNDRMCLAY,EQ,19-06-1996,380.00,376.05,377.05,376.05,-,377.05,376.78,200,"75,355.00",-,-,-
SUNDRMCLAY,EQ,20-06-1996,377.05,365.5,378.0,365.5,-,378.0,372.83,150,"55,925.00",-,-,-
SUNDRMCLAY,EQ,21-06-1996,378.00,370.0,378.0,370.0,-,376.0,375.68,950,"3,56,900.00",-,-,-
SUNDRMCLAY,EQ,24-06-1996,376.00,372.0,375.0,372.0,-,375.0,374.33,300,"1,12,297.50",-,-,-
SUNDRMCLAY,EQ,25-06-1996,375.00,372.0,372.0,365.0,-,368.5,368.52,"2,650","9,76,570.00",-,-,-
SUNDRMCLAY,EQ,26-06-1996,368.50,375.0,375.0,368.5,-,370.0,370.51,350,"1,29,680.00",-,-,-
SUNDRMCLAY,EQ,27-06-1996,370.00,370.0,370.0,370.0,-,370.0,370.0,250,"92,500.00",-,-,-
SUNDRMCLAY,EQ,28-06-1996,370.00,370.0,375.0,365.25,-,370.0,371.35,600,"2,22,812.50",-,-,-
SUNDRMCLAY,EQ,01-07-1996,370.00,365.0,370.0,364.95,-,369.5,365.44,"1,700","6,21,247.50",-,-,-
SUNDRMCLAY,EQ,02-07-1996,369.50,360.0,368.0,360.0,-,365.0,364.45,"1,000","3,64,450.00",-,-,-
SUNDRMCLAY,EQ,03-07-1996,365.00,364.0,369.0,362.0,-,365.0,364.85,650,"2,37,150.00",-,-,-
SUNDRMCLAY,EQ,04-07-1996,365.00,365.1,365.1,365.05,-,365.05,365.07,150,"54,760.00",-,-,-
SUNDRMCLAY,EQ,05-07-1996,365.05,365.3,365.3,365.25,-,365.25,365.28,100,"36,527.50",-,-,-
SUNDRMCLAY,EQ,08-07-1996,-,365.1,370.0,365.0,-,370.0,368.1,"1,000","3,68,095.00",-,-,-
SUNDRMCLAY,EQ,09-07-1996,370.00,365.15,369.95,360.0,-,362.8,365.13,"1,250","4,56,412.50",-,-,-
SUNDRMCLAY,EQ,10-07-1996,362.80,369.95,370.0,369.95,-,370.0,369.98,150,"55,497.50",-,-,-
SUNDRMCLAY,EQ,11-07-1996,370.00,370.0,370.0,369.0,-,370.0,369.75,200,"73,950.00",-,-,-
SUNDRMCLAY,EQ,12-07-1996,370.00,369.0,369.0,369.0,-,369.0,369.0,50,"18,450.00",-,-,-
SUNDRMCLAY,EQ,15-07-1996,369.00,350.0,362.95,350.0,-,362.95,358.63,150,"53,795.00",-,-,-
SUNDRMCLAY,EQ,16-07-1996,362.95,360.0,368.0,357.0,-,368.0,363.17,550,"1,99,745.00",-,-,-
SUNDRMCLAY,EQ,17-07-1996,368.00,366.0,368.0,365.0,-,366.55,366.51,300,"1,09,952.50",-,-,-
SUNDRMCLAY,EQ,18-07-1996,366.55,356.5,368.0,356.25,-,365.0,363.06,850,"3,08,597.50",-,-,-
SUNDRMCLAY,EQ,19-07-1996,365.00,365.0,365.0,363.0,-,364.5,364.71,350,"1,27,650.00",-,-,-
SUNDRMCLAY,EQ,22-07-1996,364.50,365.0,365.0,365.0,-,365.0,365.0,200,"73,000.00",-,-,-
SUNDRMCLAY,EQ,23-07-1996,365.00,363.7,364.0,363.0,-,363.0,363.46,500,"1,81,727.50",-,-,-
SUNDRMCLAY,EQ,24-07-1996,363.00,350.0,350.0,350.0,-,350.0,350.0,50,"17,500.00",-,-,-
SUNDRMCLAY,EQ,25-07-1996,350.00,353.0,353.0,350.0,-,350.0,350.43,700,"2,45,300.00",-,-,-
SUNDRMCLAY,EQ,26-07-1996,350.00,355.0,355.0,350.05,-,350.05,352.53,100,"35,252.50",-,-,-
SUNDRMCLAY,EQ,29-07-1996,350.05,341.0,341.0,341.0,-,341.0,341.0,50,"17,050.00",-,-,-
SUNDRMCLAY,EQ,30-07-1996,341.00,340.0,340.0,311.0,-,311.0,332.75,200,"66,550.00",-,-,-
SUNDRMCLAY,EQ,31-07-1996,311.00,332.0,340.0,332.0,-,340.0,336.4,250,"84,100.00",-,-,-
SUNDRMCLAY,EQ,01-08-1996,340.00,340.0,350.0,340.0,-,345.0,346.0,350,"1,21,100.00",-,-,-
SUNDRMCLAY,EQ,02-08-1996,345.00,349.9,352.4,348.0,-,352.0,350.02,700,"2,45,015.00",-,-,-
SUNDRMCLAY,EQ,05-08-1996,352.00,356.5,356.5,346.1,-,348.0,351.65,200,"70,330.00",-,-,-
SUNDRMCLAY,EQ,06-08-1996,348.00,346.0,356.0,346.0,-,355.2,354.05,"1,750","6,19,580.00",-,-,-
SUNDRMCLAY,EQ,08-08-1996,355.20,365.8,365.9,359.95,-,359.95,363.88,150,"54,582.50",-,-,-
SUNDRMCLAY,EQ,09-08-1996,359.95,362.05,367.25,362.05,-,367.05,365.81,600,"2,19,487.50",-,-,-
SUNDRMCLAY,EQ,12-08-1996,367.05,360.0,365.0,360.0,-,364.5,362.61,450,"1,63,175.00",-,-,-
SUNDRMCLAY,EQ,13-08-1996,364.50,364.15,368.0,364.05,-,364.15,365.42,300,"1,09,625.00",-,-,-
SUNDRMCLAY,EQ,14-08-1996,364.15,360.0,361.0,360.0,-,360.0,360.43,350,"1,26,150.00",-,-,-
SUNDRMCLAY,EQ,16-08-1996,360.00,360.05,360.05,360.0,-,360.0,360.01,450,"1,62,002.50",-,-,-
SUNDRMCLAY,EQ,19-08-1996,360.00,350.0,350.0,340.0,-,342.1,343.17,400,"1,37,267.50",-,-,-
SUNDRMCLAY,EQ,20-08-1996,342.10,344.95,348.0,344.95,-,347.9,346.06,850,"2,94,147.50",-,-,-
SUNDRMCLAY,EQ,21-08-1996,347.90,349.95,350.0,349.95,-,350.0,349.98,100,"34,997.50",-,-,-
SUNDRMCLAY,EQ,22-08-1996,350.00,385.0,386.0,377.0,-,383.5,384.47,"1,600","6,15,152.50",-,-,-
SUNDRMCLAY,EQ,23-08-1996,383.50,375.0,380.0,365.0,-,367.05,371.28,"1,700","6,31,180.00",-,-,-
SUNDRMCLAY,EQ,26-08-1996,367.05,375.0,375.0,365.1,-,365.5,369.34,700,"2,58,535.00",-,-,-
SUNDRMCLAY,EQ,27-08-1996,365.50,365.0,365.0,355.0,-,359.3,357.71,"1,750","6,25,997.50",-,-,-
SUNDRMCLAY,EQ,28-08-1996,359.30,355.5,363.95,355.5,-,360.0,361.61,350,"1,26,562.50",-,-,-
SUNDRMCLAY,EQ,29-08-1996,360.00,360.0,368.5,360.0,-,368.5,365.08,400,"1,46,030.00",-,-,-
SUNDRMCLAY,EQ,30-08-1996,368.50,360.0,371.0,360.0,-,365.05,365.26,200,"73,052.50",-,-,-
SUNDRMCLAY,EQ,02-09-1996,365.05,370.0,372.0,370.0,-,371.0,371.32,800,"2,97,057.50",-,-,-
SUNDRMCLAY,EQ,03-09-1996,371.00,374.85,374.9,356.1,-,360.25,364.27,550,"2,00,350.00",-,-,-
SUNDRMCLAY,EQ,04-09-1996,360.25,365.0,372.0,365.0,-,372.0,369.25,200,"73,850.00",-,-,-
SUNDRMCLAY,EQ,05-09-1996,372.00,373.5,374.5,373.5,-,373.95,374.06,350,"1,30,920.00",-,-,-
SUNDRMCLAY,EQ,06-09-1996,373.95,366.1,372.95,366.1,-,372.95,371.57,250,"92,892.50",-,-,-
SUNDRMCLAY,EQ,09-09-1996,372.95,370.1,370.1,361.0,-,361.7,366.52,600,"2,19,912.50",-,-,-
SUNDRMCLAY,EQ,10-09-1996,361.70,355.25,360.5,355.25,-,355.5,356.98,550,"1,96,337.50",-,-,-
SUNDRMCLAY,EQ,11-09-1996,355.50,370.0,380.0,368.0,-,374.5,372.54,"4,350","16,20,565.00",-,-,-
SUNDRMCLAY,EQ,12-09-1996,374.50,368.1,372.85,367.75,-,368.2,369.7,"4,250","15,71,222.50",-,-,-
SUNDRMCLAY,EQ,13-09-1996,368.20,367.1,368.7,367.05,-,367.1,367.72,750,"2,75,790.00",-,-,-
SUNDRMCLAY,EQ,16-09-1996,367.10,366.25,371.0,364.35,-,368.1,366.87,"1,750","6,42,027.50",-,-,-
SUNDRMCLAY,EQ,17-09-1996,368.10,372.75,373.25,368.5,-,368.5,370.04,500,"1,85,020.00",-,-,-
SUNDRMCLAY,EQ,18-09-1996,368.50,371.95,372.8,371.95,-,372.5,372.41,550,"2,04,827.50",-,-,-
SUNDRMCLAY,EQ,19-09-1996,372.50,370.05,371.0,370.05,-,370.1,370.31,750,"2,77,732.50",-,-,-
SUNDRMCLAY,EQ,20-09-1996,370.10,368.5,370.0,368.05,-,370.0,368.7,600,"2,21,222.50",-,-,-
SUNDRMCLAY,EQ,23-09-1996,370.00,369.0,369.95,368.0,-,369.0,368.55,"1,100","4,05,407.50",-,-,-
SUNDRMCLAY,EQ,24-09-1996,369.00,365.0,366.0,363.6,-,363.6,365.13,600,"2,19,080.00",-,-,-
SUNDRMCLAY,EQ,25-09-1996,363.60,360.0,361.0,357.0,-,357.2,358.88,750,"2,69,160.00",-,-,-
SUNDRMCLAY,EQ,26-09-1996,357.20,357.05,358.0,351.15,-,355.75,354.44,"1,400","4,96,215.00",-,-,-
SUNDRMCLAY,EQ,27-09-1996,355.75,353.25,353.25,343.0,-,343.0,349.69,"1,850","6,46,927.50",-,-,-
SUNDRMCLAY,EQ,30-09-1996,343.00,343.95,345.5,341.25,-,341.25,343.86,"1,500","5,15,782.50",-,-,-
SUNDRMCLAY,EQ,01-10-1996,341.25,333.3,333.3,333.25,-,333.3,333.28,100,"33,327.50",-,-,-
SUNDRMCLAY,EQ,03-10-1996,333.30,332.5,332.5,311.0,-,318.0,322.44,"1,850","5,96,505.00",-,-,-
SUNDRMCLAY,EQ,04-10-1996,318.00,307.0,309.0,297.0,-,297.0,302.12,"2,150","6,49,565.00",-,-,-
SUNDRMCLAY,EQ,07-10-1996,297.00,280.0,299.9,278.0,-,284.0,286.46,"2,200","6,30,222.50",-,-,-
SUNDRMCLAY,EQ,08-10-1996,284.00,280.0,280.0,267.0,-,270.7,268.51,"3,100","8,32,370.00",-,-,-
SUNDRMCLAY,EQ,09-10-1996,270.70,267.0,269.0,260.0,-,267.0,266.33,450,"1,19,850.00",-,-,-
SUNDRMCLAY,EQ,10-10-1996,267.00,269.1,284.0,269.1,-,284.0,281.64,350,"98,572.50",-,-,-
SUNDRMCLAY,EQ,11-10-1996,284.00,300.0,301.7,290.0,-,291.55,295.89,750,"2,21,915.00",-,-,-
SUNDRMCLAY,EQ,14-10-1996,291.55,299.75,299.95,294.0,-,299.95,298.41,200,"59,682.50",-,-,-
SUNDRMCLAY,EQ,15-10-1996,299.95,290.1,295.0,290.0,-,295.0,291.38,600,"1,74,825.00",-,-,-
SUNDRMCLAY,EQ,16-10-1996,295.00,297.0,297.0,295.0,-,295.0,295.31,350,"1,03,360.00",-,-,-
SUNDRMCLAY,EQ,17-10-1996,295.00,290.0,290.0,287.0,-,289.95,289.23,200,"57,845.00",-,-,-
SUNDRMCLAY,EQ,18-10-1996,289.95,290.0,290.0,285.55,-,287.0,287.26,400,"1,14,905.00",-,-,-
SUNDRMCLAY,EQ,22-10-1996,287.00,290.5,294.0,289.0,-,294.0,291.96,400,"1,16,785.00",-,-,-
SUNDRMCLAY,EQ,23-10-1996,294.00,306.0,312.0,305.1,-,312.0,308.54,650,"2,00,550.00",-,-,-
SUNDRMCLAY,EQ,24-10-1996,312.00,312.0,312.0,308.0,-,308.0,310.0,200,"62,000.00",-,-,-
SUNDRMCLAY,EQ,25-10-1996,308.00,307.0,307.0,305.0,-,305.0,306.0,100,"30,600.00",-,-,-
SUNDRMCLAY,EQ,29-10-1996,305.00,303.3,303.3,291.5,-,291.5,298.32,650,"1,93,910.00",-,-,-
SUNDRMCLAY,EQ,31-10-1996,291.50,298.9,298.9,295.0,-,295.0,296.54,350,"1,03,790.00",-,-,-
SUNDRMCLAY,EQ,01-11-1996,295.00,294.95,295.0,292.0,-,292.0,293.98,150,"44,097.50",-,-,-
SUNDRMCLAY,EQ,04-11-1996,292.00,295.0,296.0,293.0,-,295.85,294.79,700,"2,06,350.00",-,-,-
SUNDRMCLAY,EQ,05-11-1996,295.85,290.0,290.0,278.0,-,278.0,285.29,700,"1,99,700.00",-,-,-
SUNDRMCLAY,EQ,06-11-1996,278.00,280.0,280.0,280.0,-,280.0,280.0,100,"28,000.00",-,-,-
SUNDRMCLAY,EQ,07-11-1996,280.00,280.0,284.0,280.0,-,284.0,282.0,100,"28,200.00",-,-,-
SUNDRMCLAY,EQ,08-11-1996,284.00,290.0,290.0,290.0,-,290.0,290.0,150,"43,500.00",-,-,-
SUNDRMCLAY,EQ,11-11-1996,290.00,290.0,290.0,285.0,-,285.0,286.67,150,"43,000.00",-,-,-
SUNDRMCLAY,EQ,13-11-1996,285.00,285.0,286.0,281.1,-,281.1,283.91,300,"85,172.50",-,-,-
SUNDRMCLAY,EQ,14-11-1996,281.10,281.0,281.0,280.0,-,280.0,280.63,400,"1,12,250.00",-,-,-
SUNDRMCLAY,EQ,15-11-1996,280.00,280.0,280.85,280.0,-,280.85,280.24,350,"98,085.00",-,-,-
SUNDRMCLAY,EQ,18-11-1996,280.85,280.1,285.0,280.1,-,285.0,283.03,300,"84,910.00",-,-,-
SUNDRMCLAY,EQ,19-11-1996,285.00,285.0,285.0,282.55,-,282.55,283.63,350,"99,270.00",-,-,-
SUNDRMCLAY,EQ,20-11-1996,282.55,282.0,282.0,282.0,-,282.0,282.0,50,"14,100.00",-,-,-
SUNDRMCLAY,EQ,21-11-1996,282.00,281.5,281.5,281.5,-,281.5,281.5,100,"28,150.00",-,-,-
SUNDRMCLAY,EQ,22-11-1996,281.50,278.0,278.0,275.0,-,276.0,276.17,300,"82,850.00",-,-,-
SUNDRMCLAY,EQ,25-11-1996,276.00,270.1,275.0,270.1,-,275.0,273.56,450,"1,23,102.50",-,-,-
SUNDRMCLAY,EQ,26-11-1996,275.00,274.9,274.9,264.0,-,264.2,267.75,500,"1,33,875.00",-,-,-
SUNDRMCLAY,EQ,27-11-1996,264.20,264.5,264.5,263.0,-,263.0,263.5,150,"39,525.00",-,-,-
SUNDRMCLAY,EQ,28-11-1996,263.00,260.5,261.0,260.0,-,260.0,260.36,350,"91,125.00",-,-,-
SUNDRMCLAY,EQ,29-11-1996,260.00,261.0,265.0,260.0,-,260.0,262.43,350,"91,850.00",-,-,-
SUNDRMCLAY,EQ,02-12-1996,260.00,260.0,260.0,250.0,-,250.0,253.35,150,"38,002.50",-,-,-
SUNDRMCLAY,EQ,03-12-1996,250.00,250.0,250.0,240.2,-,244.6,248.46,350,"86,960.00",-,-,-
SUNDRMCLAY,EQ,04-12-1996,244.60,240.0,240.0,232.3,-,235.95,235.22,650,"1,52,890.00",-,-,-
SUNDRMCLAY,EQ,05-12-1996,235.95,234.0,234.0,230.0,-,233.5,233.11,500,"1,16,552.50",-,-,-
SUNDRMCLAY,EQ,06-12-1996,233.50,245.0,245.95,245.0,-,245.5,245.24,200,"49,047.50",-,-,-
SUNDRMCLAY,EQ,09-12-1996,245.50,259.5,259.5,254.05,-,259.5,255.87,300,"76,760.00",-,-,-
SUNDRMCLAY,EQ,10-12-1996,259.50,260.0,262.0,260.0,-,261.05,261.29,350,"91,452.50",-,-,-
SUNDRMCLAY,EQ,11-12-1996,261.05,139.5,139.5,139.5,-,139.5,139.5,200,"27,900.00",-,-,-
SUNDRMCLAY,EQ,12-12-1996,139.50,145.5,149.0,145.5,-,149.0,147.25,100,"14,725.00",-,-,-
SUNDRMCLAY,EQ,13-12-1996,149.00,148.0,148.0,145.0,-,147.9,146.89,550,"80,787.50",-,-,-
SUNDRMCLAY,EQ,16-12-1996,147.90,148.0,148.9,144.15,-,146.25,147.41,900,"1,32,667.50",-,-,-
SUNDRMCLAY,EQ,17-12-1996,146.25,145.9,147.9,143.6,-,147.9,146.47,500,"73,235.00",-,-,-
SUNDRMCLAY,EQ,18-12-1996,147.90,148.0,149.9,147.0,-,147.0,148.49,250,"37,122.50",-,-,-
SUNDRMCLAY,EQ,20-12-1996,147.00,150.25,150.5,147.35,-,147.5,148.8,450,"66,960.00",-,-,-
SUNDRMCLAY,EQ,23-12-1996,147.50,155.0,155.0,151.1,-,153.95,154.03,"1,100","1,69,427.50",-,-,-
SUNDRMCLAY,EQ,24-12-1996,153.95,155.0,155.0,149.15,-,149.15,151.81,350,"53,135.00",-,-,-
SUNDRMCLAY,EQ,26-12-1996,149.15,156.0,156.8,154.0,-,155.0,155.26,350,"54,340.00",-,-,-
SUNDRMCLAY,EQ,31-12-1996,155.00,154.6,154.6,152.55,-,152.55,153.79,300,"46,137.50",-,-,-
SUNDRMCLAY,EQ,01-01-1997,152.55,155.7,160.0,155.7,-,159.5,157.92,"1,050","1,65,817.50",-,-,-
SUNDRMCLAY,EQ,02-01-1997,159.5,155.0,157.95,152.5,-,152.75,154.9,300,"46,470.00",-,-,-
SUNDRMCLAY,EQ,03-01-1997,152.75,153.0,158.0,153.0,-,158.0,156.41,350,"54,745.00",-,-,-
SUNDRMCLAY,EQ,06-01-1997,158.0,160.0,160.0,156.1,-,156.35,157.76,500,"78,880.00",-,-,-
SUNDRMCLAY,EQ,07-01-1997,156.35,159.0,166.0,157.0,-,162.05,159.24,"1,700","2,70,710.00",-,-,-
SUNDRMCLAY,EQ,08-01-1997,162.05,162.0,163.5,161.0,-,163.5,162.44,450,"73,100.00",-,-,-
SUNDRMCLAY,EQ,09-01-1997,163.5,163.9,168.0,163.65,-,168.0,165.21,500,"82,605.00",-,-,-
SUNDRMCLAY,EQ,10-01-1997,168.0,170.0,175.0,170.0,-,170.0,171.0,550,"94,050.00",-,-,-
SUNDRMCLAY,EQ,13-01-1997,170.0,180.0,180.0,174.55,-,174.95,176.03,550,"96,817.50",-,-,-
SUNDRMCLAY,EQ,14-01-1997,174.95,171.0,175.0,170.05,-,172.1,172.08,450,"77,437.50",-,-,-
SUNDRMCLAY,EQ,15-01-1997,172.1,182.0,182.0,178.1,-,180.0,180.1,"1,400","2,52,145.00",-,-,-
SUNDRMCLAY,EQ,16-01-1997,180.0,182.0,185.0,172.5,-,172.5,177.69,850,"1,51,040.00",-,-,-
SUNDRMCLAY,EQ,17-01-1997,172.5,177.0,177.0,169.0,-,169.0,175.75,400,"70,300.00",-,-,-
SUNDRMCLAY,EQ,20-01-1997,169.0,171.0,176.45,171.0,-,172.3,173.04,950,"1,64,385.00",-,-,-
SUNDRMCLAY,EQ,21-01-1997,172.3,169.0,174.0,166.9,-,166.9,170.5,"1,050","1,79,020.00",-,-,-
SUNDRMCLAY,EQ,22-01-1997,166.9,176.4,176.4,174.0,-,174.0,175.35,650,"1,13,977.50",-,-,-
SUNDRMCLAY,EQ,24-01-1997,174.0,172.0,172.0,171.0,-,171.0,171.67,150,"25,750.00",-,-,-
SUNDRMCLAY,EQ,27-01-1997,171.0,174.0,175.0,174.0,-,174.7,174.68,650,"1,13,542.50",-,-,-
SUNDRMCLAY,EQ,28-01-1997,174.7,173.0,173.0,165.0,-,165.25,167.18,700,"1,17,027.50",-,-,-
SUNDRMCLAY,EQ,29-01-1997,165.25,170.0,175.0,166.55,-,174.95,174.73,"10,550","18,43,412.50",-,-,-
SUNDRMCLAY,EQ,30-01-1997,174.95,170.0,170.0,166.0,-,166.0,166.69,350,"58,340.00",-,-,-
SUNDRMCLAY,EQ,31-01-1997,166.0,168.0,168.0,162.0,-,164.5,164.18,"1,800","2,95,517.50",-,-,-
SUNDRMCLAY,EQ,03-02-1997,164.5,169.0,170.0,158.5,-,158.5,164.38,200,"32,875.00",-,-,-
SUNDRMCLAY,EQ,04-02-1997,158.5,159.0,159.0,153.0,-,153.0,155.36,500,"77,680.00",-,-,-
SUNDRMCLAY,EQ,05-02-1997,153.0,151.8,151.8,148.0,-,149.5,149.55,800,"1,19,637.50",-,-,-
SUNDRMCLAY,EQ,06-02-1997,149.5,149.0,149.5,147.5,-,148.7,148.87,600,"89,322.50",-,-,-
SUNDRMCLAY,EQ,07-02-1997,148.7,147.5,150.95,147.5,-,149.5,149.17,"1,250","1,86,467.50",-,-,-
SUNDRMCLAY,EQ,10-02-1997,149.5,150.0,150.0,147.75,-,147.75,148.51,450,"66,827.50",-,-,-
SUNDRMCLAY,EQ,11-02-1997,147.75,147.0,149.75,147.0,-,148.05,148.23,"1,100","1,63,055.00",-,-,-
SUNDRMCLAY,EQ,12-02-1997,148.05,149.0,149.0,147.0,-,147.0,148.19,"1,700","2,51,917.50",-,-,-
SUNDRMCLAY,EQ,13-02-1997,147.0,147.95,148.0,147.0,-,147.0,147.53,"2,100","3,09,815.00",-,-,-
SUNDRMCLAY,EQ,14-02-1997,147.0,145.25,146.0,143.0,-,145.0,144.62,"2,750","3,97,715.00",-,-,-
SUNDRMCLAY,EQ,17-02-1997,145.0,143.05,145.5,142.25,-,144.5,144.34,"1,950","2,81,455.00",-,-,-
SUNDRMCLAY,EQ,18-02-1997,144.5,141.75,141.8,138.05,-,138.25,140.1,"2,000","2,80,197.50",-,-,-
SUNDRMCLAY,EQ,19-02-1997,138.25,137.5,137.5,135.5,-,135.55,135.59,"5,300","7,18,615.00",-,-,-
SUNDRMCLAY,EQ,20-02-1997,135.55,135.0,138.0,135.0,-,138.0,137.23,200,"27,445.00",-,-,-
SUNDRMCLAY,EQ,21-02-1997,138.0,140.5,141.5,140.0,-,141.0,140.41,550,"77,225.00",-,-,-
SUNDRMCLAY,EQ,24-02-1997,141.0,139.0,139.0,138.0,-,138.0,138.13,400,"55,250.00",-,-,-
SUNDRMCLAY,EQ,25-02-1997,138.0,138.0,138.5,136.1,-,136.8,137.23,800,"1,09,785.00",-,-,-
SUNDRMCLAY,EQ,26-02-1997,136.8,137.0,137.0,137.0,-,137.0,137.0,50,"6,850.00",-,-,-
SUNDRMCLAY,EQ,27-02-1997,137.0,139.0,140.0,138.0,-,140.0,139.46,700,"97,625.00",-,-,-
SUNDRMCLAY,EQ,28-02-1997,140.0,148.0,148.0,146.0,-,146.5,147.25,200,"29,450.00",-,-,-
SUNDRMCLAY,EQ,01-03-1997,139.0,145.5,155.0,145.5,-,150.25,150.63,"1,900","2,86,202.50",-,-,-
SUNDRMCLAY,EQ,03-03-1997,150.25,155.0,160.75,152.0,-,158.0,158.67,"1,550","2,45,935.00",-,-,-
SUNDRMCLAY,EQ,04-03-1997,158.0,155.0,157.75,155.0,-,155.0,155.65,"1,050","1,63,432.50",-,-,-
SUNDRMCLAY,EQ,05-03-1997,155.0,157.0,159.0,156.05,-,157.65,157.24,"3,550","5,58,205.00",-,-,-
SUNDRMCLAY,EQ,06-03-1997,157.65,158.0,159.0,152.55,-,157.25,157.21,"1,000","1,57,205.00",-,-,-
SUNDRMCLAY,EQ,10-03-1997,157.25,154.0,154.0,146.85,-,146.85,149.08,700,"1,04,357.50",-,-,-
SUNDRMCLAY,EQ,11-03-1997,146.85,144.0,144.0,137.15,-,137.15,140.85,"1,350","1,90,152.50",-,-,-
SUNDRMCLAY,EQ,12-03-1997,137.15,145.0,145.0,140.0,-,141.45,141.73,600,"85,037.50",-,-,-
SUNDRMCLAY,EQ,13-03-1997,141.45,141.0,141.8,139.5,-,139.5,140.13,"1,300","1,82,165.00",-,-,-
SUNDRMCLAY,EQ,14-03-1997,139.5,139.0,141.7,139.0,-,141.7,140.33,500,"70,162.50",-,-,-
SUNDRMCLAY,EQ,17-03-1997,141.7,140.5,144.9,140.25,-,144.9,141.23,850,"1,20,045.00",-,-,-
SUNDRMCLAY,EQ,18-03-1997,144.9,144.0,145.0,142.0,-,142.5,143.2,"1,700","2,43,445.00",-,-,-
SUNDRMCLAY,EQ,19-03-1997,142.5,140.3,142.3,140.3,-,142.0,141.77,300,"42,530.00",-,-,-
SUNDRMCLAY,EQ,20-03-1997,142.0,140.35,142.0,140.35,-,142.0,141.47,950,"1,34,397.50",-,-,-
SUNDRMCLAY,EQ,21-03-1997,142.0,142.0,143.0,142.0,-,143.0,142.43,700,"99,697.50",-,-,-
SUNDRMCLAY,EQ,25-03-1997,143.0,140.5,140.5,138.0,-,140.0,139.35,750,"1,04,515.00",-,-,-
SUNDRMCLAY,EQ,26-03-1997,140.0,141.0,142.0,140.5,-,142.0,141.5,550,"77,825.00",-,-,-
SUNDRMCLAY,EQ,27-03-1997,142.0,141.9,142.35,140.05,-,140.3,140.95,900,"1,26,855.00",-,-,-
SUNDRMCLAY,EQ,31-03-1997,140.3,135.0,137.0,135.0,-,135.5,135.45,"1,350","1,82,852.50",-,-,-
SUNDRMCLAY,EQ,01-04-1997,135.5,136.0,145.0,136.0,-,144.5,140.77,"1,100","1,54,845.00",-,-,-
SUNDRMCLAY,EQ,02-04-1997,144.5,145.0,145.0,140.5,-,143.6,142.85,550,"78,570.00",-,-,-
SUNDRMCLAY,EQ,03-04-1997,143.6,143.0,146.0,143.0,-,144.25,143.98,400,"57,590.00",-,-,-
SUNDRMCLAY,EQ,04-04-1997,144.25,144.25,147.95,144.25,-,147.0,146.29,750,"1,09,717.50",-,-,-
SUNDRMCLAY,EQ,07-04-1997,147.0,147.0,148.95,145.0,-,147.25,147.34,900,"1,32,610.00",-,-,-
SUNDRMCLAY,EQ,09-04-1997,147.25,147.0,150.0,147.0,-,149.5,149.07,500,"74,532.50",-,-,-
SUNDRMCLAY,EQ,10-04-1997,149.5,148.2,148.3,148.15,-,148.15,148.23,300,"44,467.50",-,-,-
SUNDRMCLAY,EQ,11-04-1997,148.15,148.0,150.95,147.0,-,150.45,148.69,900,"1,33,825.00",-,-,-
SUNDRMCLAY,EQ,12-04-1997,150.45,146.5,149.5,146.5,-,149.1,147.54,550,"81,147.50",-,-,-
SUNDRMCLAY,EQ,15-04-1997,149.1,147.0,151.0,147.0,-,151.0,149.13,250,"37,282.50",-,-,-
SUNDRMCLAY,EQ,17-04-1997,151.0,151.0,158.9,151.0,-,158.0,156.03,"1,250","1,95,037.50",-,-,-
SUNDRMCLAY,EQ,21-04-1997,158.0,159.95,162.75,158.65,-,162.75,162.15,"6,450","10,45,842.50",-,-,-
SUNDRMCLAY,EQ,22-04-1997,162.75,160.0,162.0,152.55,-,152.75,158.26,750,"1,18,695.00",-,-,-
SUNDRMCLAY,EQ,23-04-1997,152.75,154.25,155.0,153.55,-,155.0,154.42,650,"1,00,370.00",-,-,-
SUNDRMCLAY,EQ,24-04-1997,155.0,158.0,158.0,154.0,-,154.0,155.08,650,"1,00,800.00",-,-,-
SUNDRMCLAY,EQ,25-04-1997,154.0,155.0,155.5,152.05,-,154.0,154.56,"1,400","2,16,380.00",-,-,-
SUNDRMCLAY,EQ,28-04-1997,154.0,153.0,153.0,150.0,-,150.3,151.26,500,"75,630.00",-,-,-
SUNDRMCLAY,EQ,29-04-1997,150.3,152.9,152.9,147.3,-,148.55,148.68,700,"1,04,072.50",-,-,-
SUNDRMCLAY,EQ,30-04-1997,148.55,154.5,154.5,150.05,-,150.05,152.44,500,"76,220.00",-,-,-
SUNDRMCLAY,EQ,02-05-1997,150.05,150.0,151.0,149.5,-,150.65,150.23,750,"1,12,675.00",-,-,-
SUNDRMCLAY,EQ,05-05-1997,150.65,148.0,150.0,148.0,-,150.0,149.08,"1,250","1,86,350.00",-,-,-
SUNDRMCLAY,EQ,06-05-1997,150.0,148.5,151.0,148.5,-,150.05,150.11,250,"37,527.50",-,-,-
SUNDRMCLAY,EQ,07-05-1997,150.05,149.0,150.0,149.0,-,150.0,149.76,400,"59,902.50",-,-,-
SUNDRMCLAY,EQ,08-05-1997,150.0,148.0,150.7,143.0,-,150.7,147.97,"1,000","1,47,967.50",-,-,-
SUNDRMCLAY,EQ,09-05-1997,150.7,149.0,150.25,149.0,-,150.2,149.5,"1,850","2,76,582.50",-,-,-
SUNDRMCLAY,EQ,12-05-1997,150.2,150.0,150.25,149.05,-,150.25,149.92,450,"67,465.00",-,-,-
SUNDRMCLAY,EQ,13-05-1997,150.25,149.95,149.95,146.05,-,147.6,148.13,650,"96,285.00",-,-,-
SUNDRMCLAY,EQ,14-05-1997,147.6,148.0,149.0,145.0,-,146.0,146.58,550,"80,620.00",-,-,-
SUNDRMCLAY,EQ,15-05-1997,146.0,145.0,145.05,143.0,-,143.0,144.28,900,"1,29,850.00",-,-,-
SUNDRMCLAY,EQ,16-05-1997,143.0,143.0,143.0,140.6,-,140.8,141.74,850,"1,20,480.00",-,-,-
SUNDRMCLAY,EQ,19-05-1997,140.8,138.9,140.0,138.9,-,140.0,139.27,150,"20,890.00",-,-,-
SUNDRMCLAY,EQ,20-05-1997,140.0,135.5,136.9,133.25,-,133.25,134.91,650,"87,692.50",-,-,-
SUNDRMCLAY,EQ,21-05-1997,133.25,137.0,137.0,135.25,-,136.0,136.32,400,"54,527.50",-,-,-
SUNDRMCLAY,EQ,22-05-1997,136.0,136.0,139.95,136.0,-,139.95,137.24,400,"54,895.00",-,-,-
SUNDRMCLAY,EQ,23-05-1997,139.95,135.05,136.0,134.0,-,136.0,135.1,550,"74,305.00",-,-,-
SUNDRMCLAY,EQ,26-05-1997,136.0,134.0,134.0,132.0,-,132.7,132.82,550,"73,052.50",-,-,-
SUNDRMCLAY,EQ,27-05-1997,132.7,132.0,132.0,130.0,-,130.0,130.6,400,"52,240.00",-,-,-
SUNDRMCLAY,EQ,28-05-1997,130.0,134.95,134.95,132.0,-,132.0,133.0,150,"19,950.00",-,-,-
SUNDRMCLAY,EQ,29-05-1997,132.0,129.1,133.9,128.5,-,131.0,130.28,400,"52,110.00",-,-,-
SUNDRMCLAY,EQ,30-05-1997,131.0,132.95,132.95,130.1,-,130.2,131.09,"1,400","1,83,520.00",-,-,-
SUNDRMCLAY,EQ,02-06-1997,130.2,130.25,131.0,130.0,-,131.0,130.5,400,"52,200.00",-,-,-
SUNDRMCLAY,EQ,03-06-1997,131.0,129.0,131.1,129.0,-,131.1,130.38,"1,800","2,34,692.50",-,-,-
SUNDRMCLAY,EQ,04-06-1997,131.1,130.0,134.95,128.0,-,133.0,130.24,750,"97,677.50",-,-,-
SUNDRMCLAY,EQ,05-06-1997,133.0,134.95,134.95,130.0,-,131.85,131.1,400,"52,440.00",-,-,-
SUNDRMCLAY,EQ,06-06-1997,131.85,130.0,131.0,130.0,-,131.0,130.58,250,"32,645.00",-,-,-
SUNDRMCLAY,EQ,09-06-1997,131.0,131.0,131.0,128.25,-,128.25,130.38,300,"39,112.50",-,-,-
SUNDRMCLAY,EQ,10-06-1997,128.25,131.0,131.0,128.0,-,128.0,130.1,400,"52,040.00",-,-,-
SUNDRMCLAY,EQ,11-06-1997,128.0,129.0,129.95,129.0,-,129.95,129.63,150,"19,445.00",-,-,-
SUNDRMCLAY,EQ,12-06-1997,129.95,129.0,132.25,129.0,-,131.75,131.03,900,"1,17,922.50",-,-,-
SUNDRMCLAY,EQ,13-06-1997,131.75,132.95,134.95,131.0,-,131.05,133.11,"1,150","1,53,075.00",-,-,-
SUNDRMCLAY,EQ,16-06-1997,131.05,130.0,130.0,129.0,-,130.0,129.61,750,"97,207.50",-,-,-
SUNDRMCLAY,EQ,17-06-1997,130.0,122.0,136.0,122.0,-,135.0,128.02,"7,500","9,60,142.50",-,-,-
SUNDRMCLAY,EQ,18-06-1997,135.0,137.9,143.5,137.9,-,139.0,140.27,"1,350","1,89,360.00",-,-,-
SUNDRMCLAY,EQ,19-06-1997,139.0,143.5,144.25,138.05,-,141.7,141.39,"1,050","1,48,455.00",-,-,-
SUNDRMCLAY,EQ,20-06-1997,141.7,141.0,142.0,141.0,-,141.0,141.71,350,"49,600.00",-,-,-
SUNDRMCLAY,EQ,23-06-1997,141.0,139.25,139.95,138.5,-,138.55,138.98,450,"62,542.50",-,-,-
SUNDRMCLAY,EQ,24-06-1997,138.55,136.0,137.0,135.1,-,137.0,136.13,600,"81,680.00",-,-,-
SUNDRMCLAY,EQ,25-06-1997,137.0,135.3,137.0,135.3,-,137.0,135.87,150,"20,380.00",-,-,-
SUNDRMCLAY,EQ,26-06-1997,137.0,137.0,139.9,136.0,-,137.15,137.67,"1,050","1,44,555.00",-,-,-
SUNDRMCLAY,EQ,27-06-1997,137.15,136.0,139.75,136.0,-,138.5,137.48,400,"54,992.50",-,-,-
SUNDRMCLAY,EQ,30-06-1997,138.5,130.0,140.95,129.1,-,129.1,132.23,700,"92,557.50",-,-,-
SUNDRMCLAY,EQ,01-07-1997,129.1,131.0,133.25,130.0,-,130.35,131.02,"1,100","1,44,125.00",-,-,-
SUNDRMCLAY,EQ,02-07-1997,130.35,136.5,138.0,132.05,-,134.15,135.11,"1,050","1,41,870.00",-,-,-
SUNDRMCLAY,EQ,03-07-1997,134.15,136.0,136.0,135.25,-,135.25,135.72,450,"61,075.00",-,-,-
SUNDRMCLAY,EQ,04-07-1997,135.25,135.0,135.0,134.0,-,135.0,134.86,450,"60,685.00",-,-,-
SUNDRMCLAY,EQ,07-07-1997,135.0,136.0,136.5,135.5,-,135.5,136.14,350,"47,650.00",-,-,-
SUNDRMCLAY,EQ,08-07-1997,135.5,140.0,141.0,138.9,-,140.4,139.82,"1,450","2,02,732.50",-,-,-
SUNDRMCLAY,EQ,09-07-1997,140.4,144.0,150.0,141.1,-,149.5,147.03,"1,800","2,64,647.50",-,-,-
SUNDRMCLAY,EQ,10-07-1997,149.5,154.9,158.5,152.0,-,155.6,155.93,"3,650","5,69,130.00",-,-,-
SUNDRMCLAY,EQ,11-07-1997,155.6,155.0,163.0,152.25,-,153.75,156.28,"2,800","4,37,575.00",-,-,-
SUNDRMCLAY,EQ,14-07-1997,153.75,150.0,150.0,143.0,-,146.3,146.82,"1,500","2,20,232.50",-,-,-
SUNDRMCLAY,EQ,15-07-1997,146.3,143.0,144.95,138.05,-,143.15,141.69,"1,650","2,33,790.00",-,-,-
SUNDRMCLAY,EQ,16-07-1997,143.15,140.0,145.0,140.0,-,145.0,143.7,750,"1,07,772.50",-,-,-
SUNDRMCLAY,EQ,17-07-1997,145.0,145.0,145.0,143.0,-,144.3,144.13,800,"1,15,307.50",-,-,-
SUNDRMCLAY,EQ,21-07-1997,144.3,144.0,153.0,144.0,-,150.2,149.98,"3,650","5,47,420.00",-,-,-
SUNDRMCLAY,EQ,22-07-1997,150.2,150.0,150.25,148.05,-,148.35,149.22,"3,200","4,77,507.50",-,-,-
SUNDRMCLAY,EQ,23-07-1997,148.35,150.0,151.0,148.3,-,150.85,150.23,"5,450","8,18,777.50",-,-,-
SUNDRMCLAY,EQ,24-07-1997,150.85,151.95,153.0,151.0,-,151.5,151.93,"2,100","3,19,045.00",-,-,-
SUNDRMCLAY,EQ,25-07-1997,151.5,150.0,153.9,150.0,-,152.3,152.4,"1,150","1,75,255.00",-,-,-
SUNDRMCLAY,EQ,28-07-1997,152.3,155.0,162.5,155.0,-,161.1,158.81,"2,850","4,52,597.50",-,-,-
SUNDRMCLAY,EQ,29-07-1997,161.1,164.5,172.4,164.0,-,172.4,169.43,"2,500","4,23,575.00",-,-,-
SUNDRMCLAY,EQ,30-07-1997,172.4,180.9,184.0,168.75,-,170.2,177.54,"11,600","20,59,497.50",-,-,-
SUNDRMCLAY,EQ,31-07-1997,170.2,170.0,174.95,167.0,-,172.0,171.62,"3,050","5,23,437.50",-,-,-
SUNDRMCLAY,EQ,01-08-1997,172.0,172.0,173.9,168.1,-,169.3,170.87,"3,050","5,21,152.50",-,-,-
SUNDRMCLAY,EQ,04-08-1997,169.3,167.25,172.0,167.25,-,169.95,169.81,"2,850","4,83,957.50",-,-,-
SUNDRMCLAY,EQ,05-08-1997,169.95,171.0,171.0,163.0,-,164.25,166.06,"4,700","7,80,487.50",-,-,-
SUNDRMCLAY,EQ,06-08-1997,164.25,161.55,170.0,161.55,-,165.1,164.72,"2,150","3,54,145.00",-,-,-
SUNDRMCLAY,EQ,07-08-1997,165.1,175.0,175.0,165.05,-,168.25,168.83,"1,650","2,78,562.50",-,-,-
SUNDRMCLAY,EQ,08-08-1997,168.25,168.0,168.0,164.25,-,165.5,166.0,"1,550","2,57,295.00",-,-,-
SUNDRMCLAY,EQ,11-08-1997,165.5,164.75,164.75,163.0,-,163.0,163.79,350,"57,325.00",-,-,-
SUNDRMCLAY,EQ,12-08-1997,163.0,165.0,166.9,162.75,-,163.3,164.58,"3,250","5,34,885.00",-,-,-
SUNDRMCLAY,EQ,13-08-1997,163.3,165.0,165.0,162.5,-,165.0,163.58,"1,150","1,88,120.00",-,-,-
SUNDRMCLAY,EQ,14-08-1997,165.0,162.0,164.5,162.0,-,162.15,162.46,"1,400","2,27,442.50",-,-,-
SUNDRMCLAY,EQ,18-08-1997,162.15,162.0,162.0,154.8,-,154.8,158.54,"1,150","1,82,317.50",-,-,-
SUNDRMCLAY,EQ,19-08-1997,154.8,156.0,158.0,150.5,-,152.45,155.18,"1,100","1,70,702.50",-,-,-
SUNDRMCLAY,EQ,20-08-1997,152.45,155.25,157.0,155.0,-,155.45,155.61,"2,150","3,34,552.50",-,-,-
SUNDRMCLAY,EQ,21-08-1997,155.45,156.0,158.0,155.5,-,158.0,157.15,400,"62,860.00",-,-,-
SUNDRMCLAY,EQ,22-08-1997,158.0,155.05,156.5,154.05,-,156.5,155.57,"1,000","1,55,567.50",-,-,-
SUNDRMCLAY,EQ,25-08-1997,156.5,155.5,155.5,152.0,-,152.0,152.61,"1,000","1,52,610.00",-,-,-
SUNDRMCLAY,EQ,26-08-1997,152.0,152.0,152.5,150.3,-,150.4,151.27,900,"1,36,140.00",-,-,-
SUNDRMCLAY,EQ,27-08-1997,150.4,152.05,153.0,152.0,-,152.0,152.46,"1,100","1,67,702.50",-,-,-
SUNDRMCLAY,EQ,28-08-1997,152.0,151.0,152.95,150.0,-,152.6,151.53,"1,750","2,65,170.00",-,-,-
SUNDRMCLAY,EQ,29-08-1997,152.6,150.5,150.5,147.0,-,149.65,148.88,"1,300","1,93,542.50",-,-,-
SUNDRMCLAY,EQ,01-09-1997,149.65,149.0,151.05,148.0,-,148.8,149.72,"1,350","2,02,127.50",-,-,-
SUNDRMCLAY,EQ,02-09-1997,148.8,150.0,150.0,142.25,-,144.0,144.05,"1,650","2,37,687.50",-,-,-
SUNDRMCLAY,EQ,03-09-1997,144.0,144.0,148.0,144.0,-,146.55,147.26,"1,250","1,84,077.50",-,-,-
SUNDRMCLAY,EQ,04-09-1997,146.55,148.0,148.0,146.5,-,147.5,147.89,"4,350","6,43,312.50",-,-,-
SUNDRMCLAY,EQ,05-09-1997,147.5,147.25,147.25,145.0,-,145.6,146.23,950,"1,38,917.50",-,-,-
SUNDRMCLAY,EQ,08-09-1997,145.6,149.0,150.0,146.5,-,148.55,148.2,"2,100","3,11,220.00",-,-,-
SUNDRMCLAY,EQ,09-09-1997,148.55,150.0,151.0,147.0,-,150.0,149.66,"3,200","4,78,907.50",-,-,-
SUNDRMCLAY,EQ,10-09-1997,150.0,152.0,160.5,152.0,-,160.5,159.99,"7,900","12,63,930.00",-,-,-
SUNDRMCLAY,EQ,11-09-1997,160.5,160.0,163.35,159.5,-,160.75,161.64,"9,550","15,43,677.50",-,-,-
SUNDRMCLAY,EQ,12-09-1997,160.75,158.0,159.5,157.1,-,158.25,158.06,"11,050","17,46,552.50",-,-,-
SUNDRMCLAY,EQ,15-09-1997,158.25,158.0,159.4,157.05,-,157.15,157.9,"5,250","8,28,962.50",-,-,-
SUNDRMCLAY,EQ,16-09-1997,157.15,158.0,158.0,156.0,-,156.6,156.78,"4,750","7,44,710.00",-,-,-
SUNDRMCLAY,EQ,17-09-1997,156.6,152.55,159.5,152.25,-,154.05,154.61,"4,650","7,18,935.00",-,-,-
SUNDRMCLAY,EQ,18-09-1997,154.05,153.5,154.5,153.0,-,153.4,153.67,"6,800","10,44,927.50",-,-,-
SUNDRMCLAY,EQ,19-09-1997,153.4,156.75,156.75,154.3,-,155.15,155.12,"6,150","9,53,962.50",-,-,-
SUNDRMCLAY,EQ,22-09-1997,155.15,153.1,154.75,152.6,-,153.3,153.4,"27,600","42,33,947.50",-,-,-
SUNDRMCLAY,EQ,23-09-1997,153.3,152.35,152.9,150.55,-,151.95,151.74,"9,500","14,41,537.50",-,-,-
SUNDRMCLAY,EQ,24-09-1997,151.95,154.75,154.75,151.15,-,152.15,151.67,"4,850","7,35,585.00",-,-,-
SUNDRMCLAY,EQ,25-09-1997,152.15,151.95,153.75,151.7,-,152.3,152.8,"3,300","5,04,245.00",-,-,-
SUNDRMCLAY,EQ,26-09-1997,152.3,152.75,154.45,152.6,-,153.95,153.93,"8,350","12,85,285.00",-,-,-
SUNDRMCLAY,EQ,29-09-1997,153.95,153.0,155.0,153.0,-,154.85,154.56,"6,250","9,66,015.00",-,-,-
SUNDRMCLAY,EQ,30-09-1997,154.85,155.1,156.2,154.0,-,155.3,155.12,"11,250","17,45,060.00",-,-,-
SUNDRMCLAY,EQ,01-10-1997,155.3,154.05,154.85,153.75,-,154.25,154.16,"4,600","7,09,132.50",-,-,-
SUNDRMCLAY,EQ,09-10-1997,154.25,153.95,154.85,153.5,-,154.0,154.1,"3,400","5,23,930.00",-,-,-
SUNDRMCLAY,EQ,10-10-1997,154.0,153.5,154.75,153.5,-,154.4,154.06,"9,300","14,32,787.50",-,-,-
SUNDRMCLAY,EQ,13-10-1997,154.4,155.4,155.4,150.5,-,151.3,152.1,"14,750","22,43,487.50",-,-,-
SUNDRMCLAY,EQ,14-10-1997,151.3,149.0,151.25,140.75,-,141.05,146.08,"16,550","24,17,582.50",-,-,-
SUNDRMCLAY,EQ,15-10-1997,141.05,140.25,142.7,136.05,-,139.95,139.61,"4,050","5,65,417.50",-,-,-
SUNDRMCLAY,EQ,16-10-1997,139.95,139.75,149.7,139.0,-,146.2,144.73,"6,500","9,40,775.00",-,-,-
SUNDRMCLAY,EQ,17-10-1997,146.2,149.5,151.0,148.8,-,148.8,149.59,"5,250","7,85,370.00",-,-,-
SUNDRMCLAY,EQ,20-10-1997,148.8,150.05,150.05,143.2,-,145.0,145.31,"2,550","3,70,550.00",-,-,-
SUNDRMCLAY,EQ,21-10-1997,145.0,146.5,147.0,140.5,-,141.6,142.98,"4,800","6,86,292.50",-,-,-
SUNDRMCLAY,EQ,22-10-1997,141.6,142.5,142.5,142.5,-,142.5,142.5,50,"7,125.00",-,-,-
SUNDRMCLAY,EQ,23-10-1997,142.5,142.0,142.85,140.0,-,140.0,140.63,"1,000","1,40,632.50",-,-,-
SUNDRMCLAY,EQ,24-10-1997,140.0,137.25,137.25,134.2,-,135.75,135.77,"10,350","14,05,222.50",-,-,-
SUNDRMCLAY,EQ,27-10-1997,135.75,131.0,138.0,131.0,-,134.9,131.21,"10,550","13,84,240.00",-,-,-
SUNDRMCLAY,EQ,28-10-1997,134.9,129.0,134.95,128.55,-,129.0,131.93,950,"1,25,330.00",-,-,-
SUNDRMCLAY,EQ,29-10-1997,129.0,135.15,135.15,122.05,-,126.35,125.3,"27,150","34,02,002.50",-,-,-
SUNDRMCLAY,EQ,30-10-1997,126.35,127.5,127.5,124.0,-,124.0,124.66,"1,050","1,30,897.50",-,-,-
SUNDRMCLAY,EQ,03-11-1997,124.0,124.0,124.75,119.0,-,119.15,119.24,"23,600","28,13,962.50",-,-,-
SUNDRMCLAY,EQ,04-11-1997,119.15,122.5,123.5,115.0,-,116.85,119.38,"18,200","21,72,670.00",-,-,-
SUNDRMCLAY,EQ,05-11-1997,116.85,122.0,124.5,122.0,-,124.5,123.41,"1,100","1,35,752.50",-,-,-
SUNDRMCLAY,EQ,06-11-1997,124.5,126.75,126.75,122.3,-,124.0,124.05,750,"93,040.00",-,-,-
SUNDRMCLAY,EQ,07-11-1997,124.0,123.0,123.0,122.05,-,122.05,122.84,300,"36,852.50",-,-,-
SUNDRMCLAY,EQ,10-11-1997,122.05,124.4,124.4,120.0,-,120.0,122.05,950,"1,15,950.00",-,-,-
SUNDRMCLAY,EQ,11-11-1997,120.0,120.0,122.0,118.05,-,122.0,119.89,"1,450","1,73,835.00",-,-,-
SUNDRMCLAY,EQ,12-11-1997,122.0,124.0,124.0,122.0,-,122.0,122.2,"1,050","1,28,315.00",-,-,-
SUNDRMCLAY,EQ,13-11-1997,122.0,117.0,120.0,116.3,-,120.0,119.49,950,"1,13,515.00",-,-,-
SUNDRMCLAY,EQ,17-11-1997,120.0,115.0,115.6,115.0,-,115.6,115.2,150,"17,280.00",-,-,-
SUNDRMCLAY,EQ,18-11-1997,115.6,117.25,119.9,117.1,-,117.25,117.78,550,"64,780.00",-,-,-
SUNDRMCLAY,EQ,19-11-1997,117.25,117.95,117.95,117.95,-,117.95,117.95,50,"5,897.50",-,-,-
SUNDRMCLAY,EQ,20-11-1997,117.95,117.0,117.0,115.5,-,115.5,115.96,"1,000","1,15,962.50",-,-,-
SUNDRMCLAY,EQ,21-11-1997,115.5,116.0,117.0,116.0,-,116.05,116.09,"1,000","1,16,090.00",-,-,-
SUNDRMCLAY,EQ,24-11-1997,116.05,110.6,115.5,110.6,-,115.5,112.58,300,"33,775.00",-,-,-
SUNDRMCLAY,EQ,25-11-1997,115.5,112.0,116.0,112.0,-,114.75,114.08,200,"22,815.00",-,-,-
SUNDRMCLAY,EQ,26-11-1997,114.75,115.0,115.0,115.0,-,115.0,115.0,100,"11,500.00",-,-,-
SUNDRMCLAY,EQ,27-11-1997,115.0,112.05,116.0,111.0,-,116.0,112.59,850,"95,697.50",-,-,-
SUNDRMCLAY,EQ,28-11-1997,116.0,115.0,115.0,112.5,-,113.3,113.44,500,"56,717.50",-,-,-
SUNDRMCLAY,EQ,02-12-1997,113.3,113.95,113.95,110.0,-,110.0,111.49,350,"39,020.00",-,-,-
SUNDRMCLAY,EQ,03-12-1997,110.0,110.0,117.0,110.0,-,113.45,112.75,"1,000","1,12,745.00",-,-,-
SUNDRMCLAY,EQ,05-12-1997,113.45,110.25,110.25,110.25,-,110.25,110.25,100,"11,025.00",-,-,-
SUNDRMCLAY,EQ,08-12-1997,110.25,110.75,112.1,110.75,-,111.85,111.6,550,"61,377.50",-,-,-
SUNDRMCLAY,EQ,09-12-1997,111.85,113.9,114.0,109.0,-,109.0,111.73,600,"67,037.50",-,-,-
SUNDRMCLAY,EQ,10-12-1997,109.0,110.0,110.0,109.0,-,109.5,109.33,300,"32,800.00",-,-,-
SUNDRMCLAY,EQ,11-12-1997,109.5,110.0,110.0,110.0,-,110.0,110.0,250,"27,500.00",-,-,-
SUNDRMCLAY,EQ,12-12-1997,110.0,108.0,110.0,108.0,-,108.5,109.14,900,"98,222.50",-,-,-
SUNDRMCLAY,EQ,15-12-1997,108.5,107.5,108.15,107.5,-,108.15,107.79,200,"21,557.50",-,-,-
SUNDRMCLAY,EQ,16-12-1997,108.15,106.0,107.0,104.1,-,104.1,106.04,"1,100","1,16,647.50",-,-,-
SUNDRMCLAY,EQ,17-12-1997,104.1,104.1,106.4,103.0,-,103.5,103.47,"1,250","1,29,332.50",-,-,-
SUNDRMCLAY,EQ,18-12-1997,103.5,105.0,105.0,102.5,-,104.85,104.34,350,"36,517.50",-,-,-
SUNDRMCLAY,EQ,19-12-1997,104.85,103.8,103.8,103.8,-,103.8,103.8,150,"15,570.00",-,-,-
SUNDRMCLAY,EQ,22-12-1997,103.8,103.0,103.0,99.0,-,102.0,100.54,700,"70,375.00",-,-,-
SUNDRMCLAY,EQ,23-12-1997,102.0,103.0,105.15,103.0,-,104.05,103.82,350,"36,337.50",-,-,-
SUNDRMCLAY,EQ,24-12-1997,104.05,104.0,104.5,104.0,-,104.5,104.17,300,"31,250.00",-,-,-
SUNDRMCLAY,EQ,26-12-1997,104.5,108.5,108.5,108.5,-,108.5,108.5,200,"21,700.00",-,-,-
SUNDRMCLAY,EQ,29-12-1997,108.5,108.75,109.9,108.7,-,109.0,108.95,650,"70,817.50",-,-,-
SUNDRMCLAY,EQ,30-12-1997,109.0,108.05,109.75,108.05,-,109.0,108.93,"1,250","1,36,160.00",-,-,-
SUNDRMCLAY,EQ,31-12-1997,109.0,111.0,115.0,111.0,-,115.0,112.98,450,"50,840.00",-,-,-
SUNDRMCLAY,EQ,01-01-1998,115.0,120.0,122.85,116.3,-,120.85,119.32,"2,100","2,50,577.50",-,-,-
SUNDRMCLAY,EQ,02-01-1998,120.85,125.0,125.0,117.5,-,118.3,121.6,"2,050","2,49,270.00",-,-,-
SUNDRMCLAY,EQ,05-01-1998,118.3,118.0,120.0,117.0,-,117.9,118.44,"1,500","1,77,665.00",-,-,-
SUNDRMCLAY,EQ,06-01-1998,117.9,115.0,115.0,109.8,-,110.3,110.64,"4,250","4,70,240.00",-,-,-
SUNDRMCLAY,EQ,07-01-1998,110.3,116.0,117.0,115.0,-,115.1,115.56,600,"69,337.50",-,-,-
SUNDRMCLAY,EQ,08-01-1998,115.1,114.0,115.0,114.0,-,114.5,114.49,350,"40,072.50",-,-,-
SUNDRMCLAY,EQ,09-01-1998,114.5,107.75,111.0,107.75,-,108.05,108.86,450,"48,985.00",-,-,-
SUNDRMCLAY,EQ,12-01-1998,108.05,100.0,105.0,100.0,-,102.3,102.89,600,"61,732.50",-,-,-
SUNDRMCLAY,EQ,13-01-1998,102.3,105.0,107.0,104.0,-,104.25,105.15,500,"52,575.00",-,-,-
SUNDRMCLAY,EQ,14-01-1998,104.25,108.0,108.0,104.0,-,104.6,105.41,800,"84,327.50",-,-,-
SUNDRMCLAY,EQ,15-01-1998,104.6,102.0,103.85,102.0,-,102.5,102.93,"1,050","1,08,075.00",-,-,-
SUNDRMCLAY,EQ,16-01-1998,102.5,105.0,105.0,103.0,-,103.0,103.93,"1,550","1,61,085.00",-,-,-
SUNDRMCLAY,EQ,19-01-1998,103.0,100.5,100.5,100.25,-,100.25,100.38,100,"10,037.50",-,-,-
SUNDRMCLAY,EQ,20-01-1998,100.25,104.0,104.1,100.0,-,100.05,101.25,"8,950","9,06,185.00",-,-,-
SUNDRMCLAY,EQ,21-01-1998,100.05,103.5,103.5,100.0,-,100.0,100.32,"11,050","11,08,515.00",-,-,-
SUNDRMCLAY,EQ,22-01-1998,100.0,100.5,100.9,99.55,-,99.55,99.79,"1,650","1,64,660.00",-,-,-
SUNDRMCLAY,EQ,23-01-1998,99.55,98.0,98.95,97.05,-,98.2,98.02,"1,000","98,015.00",-,-,-
SUNDRMCLAY,EQ,27-01-1998,98.2,100.25,100.25,90.1,-,95.55,98.74,"13,500","13,33,010.00",-,-,-
SUNDRMCLAY,EQ,28-01-1998,95.55,93.9,94.75,93.85,-,94.6,94.06,"1,100","1,03,467.50",-,-,-
SUNDRMCLAY,EQ,29-01-1998,94.6,92.1,93.5,92.0,-,92.35,92.49,450,"41,622.50",-,-,-
SUNDRMCLAY,EQ,30-01-1998,92.35,92.5,93.0,92.5,-,92.8,92.76,350,"32,465.00",-,-,-
SUNDRMCLAY,EQ,02-02-1998,92.8,94.0,94.5,92.85,-,92.85,93.99,450,"42,295.00",-,-,-
SUNDRMCLAY,EQ,03-02-1998,92.85,92.5,92.5,91.1,-,91.55,92.02,750,"69,015.00",-,-,-
SUNDRMCLAY,EQ,04-02-1998,91.55,90.0,90.0,90.0,-,90.0,90.0,300,"27,000.00",-,-,-
SUNDRMCLAY,EQ,05-02-1998,90.0,91.95,91.95,90.5,-,90.5,91.23,300,"27,367.50",-,-,-
SUNDRMCLAY,EQ,06-02-1998,90.5,90.0,90.95,90.0,-,90.95,90.79,350,"31,775.00",-,-,-
SUNDRMCLAY,EQ,09-02-1998,90.95,90.05,90.05,90.0,-,90.0,90.03,200,"18,005.00",-,-,-
SUNDRMCLAY,EQ,10-02-1998,90.0,90.0,91.9,90.0,-,91.2,90.34,750,"67,752.50",-,-,-
SUNDRMCLAY,EQ,11-02-1998,91.2,91.9,92.0,90.5,-,90.5,91.31,450,"41,087.50",-,-,-
SUNDRMCLAY,EQ,12-02-1998,90.5,90.0,91.0,89.55,-,91.0,90.03,500,"45,015.00",-,-,-
SUNDRMCLAY,EQ,13-02-1998,91.0,90.9,91.95,90.25,-,91.7,90.93,550,"50,012.50",-,-,-
SUNDRMCLAY,EQ,17-02-1998,91.7,90.1,90.1,88.0,-,88.05,88.81,450,"39,965.00",-,-,-
SUNDRMCLAY,EQ,18-02-1998,88.05,90.7,91.0,85.0,-,85.0,88.84,"1,050","93,280.00",-,-,-
SUNDRMCLAY,EQ,19-02-1998,85.0,89.75,91.95,88.0,-,91.95,89.75,500,"44,875.00",-,-,-
SUNDRMCLAY,EQ,20-02-1998,91.95,91.0,92.0,88.0,-,88.15,90.28,"2,500","2,25,692.50",-,-,-
SUNDRMCLAY,EQ,23-02-1998,88.15,87.0,90.5,87.0,-,89.0,88.96,750,"66,722.50",-,-,-
SUNDRMCLAY,EQ,24-02-1998,89.0,90.0,90.0,88.1,-,90.0,89.65,550,"49,310.00",-,-,-
SUNDRMCLAY,EQ,25-02-1998,90.0,93.75,96.0,93.75,-,96.0,94.94,950,"90,190.00",-,-,-
SUNDRMCLAY,EQ,26-02-1998,96.0,97.0,104.95,97.0,-,102.0,101.43,"1,150","1,16,647.50",-,-,-
SUNDRMCLAY,EQ,27-02-1998,102.0,104.0,112.0,104.0,-,108.0,108.26,"2,050","2,21,925.00",-,-,-
SUNDRMCLAY,EQ,02-03-1998,108.0,100.5,112.0,100.5,-,111.0,107.28,"1,000","1,07,275.00",-,-,-
SUNDRMCLAY,EQ,03-03-1998,111.0,104.05,107.9,104.05,-,107.3,105.51,"2,200","2,32,130.00",-,-,-
SUNDRMCLAY,EQ,04-03-1998,107.3,105.25,107.0,105.25,-,107.0,106.37,950,"1,01,050.00",-,-,-
SUNDRMCLAY,EQ,05-03-1998,107.0,107.5,107.55,106.0,-,106.85,107.07,450,"48,182.50",-,-,-
SUNDRMCLAY,EQ,06-03-1998,106.85,102.0,102.0,96.25,-,98.8,98.9,"1,650","1,63,185.00",-,-,-
SUNDRMCLAY,EQ,09-03-1998,98.8,99.0,100.0,99.0,-,100.0,99.61,450,"44,825.00",-,-,-
SUNDRMCLAY,EQ,10-03-1998,100.0,95.8,98.5,95.0,-,98.5,96.83,"1,050","1,01,672.50",-,-,-
SUNDRMCLAY,EQ,11-03-1998,98.5,97.4,97.4,96.5,-,96.5,96.99,850,"82,440.00",-,-,-
SUNDRMCLAY,EQ,12-03-1998,96.5,97.0,98.0,97.0,-,98.0,97.65,200,"19,530.00",-,-,-
SUNDRMCLAY,EQ,16-03-1998,98.0,99.0,100.0,94.25,-,100.0,99.96,"12,950","12,94,437.50",-,-,-
SUNDRMCLAY,EQ,17-03-1998,100.0,97.05,100.0,97.0,-,98.0,98.23,650,"63,850.00",-,-,-
SUNDRMCLAY,EQ,18-03-1998,98.0,101.75,102.0,97.5,-,97.5,100.27,550,"55,150.00",-,-,-
SUNDRMCLAY,EQ,19-03-1998,97.5,99.0,101.75,99.0,-,101.75,100.36,350,"35,125.00",-,-,-
SUNDRMCLAY,EQ,20-03-1998,101.75,102.9,103.95,99.6,-,102.0,101.99,"2,350","2,39,667.50",-,-,-
SUNDRMCLAY,EQ,24-03-1998,102.0,100.5,111.2,100.1,109.95,109.95,109.14,"4,450","4,85,690.00",-,-,-
SUNDRMCLAY,EQ,25-03-1998,109.95,111.0,114.5,109.25,114.00,114.0,112.4,"1,900","2,13,552.50",-,-,-
SUNDRMCLAY,EQ,26-03-1998,114.0,114.0,117.0,113.25,114.75,113.8,115.72,"2,600","3,00,882.50",-,-,-
SUNDRMCLAY,EQ,27-03-1998,113.8,110.0,110.95,109.25,110.95,110.95,109.78,550,"60,380.00",-,-,-
SUNDRMCLAY,EQ,30-03-1998,110.95,111.0,112.95,110.05,110.05,110.05,112.03,"3,800","4,25,702.50",-,-,-
SUNDRMCLAY,EQ,31-03-1998,110.05,113.0,113.0,109.1,110.80,110.4,110.08,800,"88,065.00",-,-,-
SUNDRMCLAY,EQ,01-04-1998,110.4,113.0,113.0,109.1,109.50,109.5,110.4,"1,100","1,21,435.00",-,-,-
SUNDRMCLAY,EQ,02-04-1998,109.5,110.0,111.95,110.0,111.00,111.0,111.22,"1,600","1,77,952.50",-,-,-
SUNDRMCLAY,EQ,03-04-1998,111.0,109.5,110.0,109.0,109.00,109.0,109.7,"1,500","1,64,550.00",-,-,-
SUNDRMCLAY,EQ,06-04-1998,109.0,109.0,112.0,109.0,111.00,111.0,110.28,"1,600","1,76,455.00",-,-,-
SUNDRMCLAY,EQ,07-04-1998,111.0,112.0,113.6,111.25,112.00,112.0,112.66,"1,600","1,80,250.00",-,-,-
SUNDRMCLAY,EQ,09-04-1998,112.0,114.4,114.9,111.0,111.25,111.25,111.94,"2,300","2,57,460.00",-,-,-
SUNDRMCLAY,EQ,10-04-1998,111.25,111.0,117.45,110.0,117.40,117.4,112.76,"2,150","2,42,440.00",-,-,-
SUNDRMCLAY,EQ,13-04-1998,117.4,112.25,114.5,112.0,112.00,112.0,112.28,900,"1,01,055.00",-,-,-
SUNDRMCLAY,EQ,15-04-1998,112.0,119.0,122.0,119.0,122.00,122.0,120.29,"1,450","1,74,425.00",-,-,-
SUNDRMCLAY,EQ,16-04-1998,122.0,122.0,125.0,112.0,112.00,115.8,118.36,"1,850","2,18,962.50",-,-,-
SUNDRMCLAY,EQ,17-04-1998,115.8,113.0,117.0,113.0,117.00,117.0,114.83,650,"74,640.00",-,-,-
SUNDRMCLAY,BE,17-04-1998,124.0,125.0,125.0,125.0,125.00,125.0,125.0,2,250.00,-,-,-
SUNDRMCLAY,EQ,20-04-1998,117.0,110.0,115.1,109.55,115.10,115.1,112.65,850,"95,755.00",-,-,-
SUNDRMCLAY,EQ,21-04-1998,115.1,114.0,116.9,113.0,115.90,115.45,114.52,"1,050","1,20,242.50",-,-,-
SUNDRMCLAY,EQ,22-04-1998,115.45,116.0,116.25,112.25,113.00,113.0,114.68,"1,650","1,89,225.00",-,-,-
SUNDRMCLAY,EQ,23-04-1998,113.0,109.5,115.0,109.5,112.00,113.75,111.42,"1,800","2,00,552.50",-,-,-
SUNDRMCLAY,EQ,24-04-1998,113.75,110.0,112.0,109.0,112.00,112.0,111.14,"2,000","2,22,275.00",-,-,-
SUNDRMCLAY,EQ,27-04-1998,112.0,112.0,113.4,109.0,110.00,110.0,110.77,900,"99,690.00",-,-,-
SUNDRMCLAY,EQ,28-04-1998,110.0,109.3,111.8,109.0,109.00,110.15,109.96,"2,700","2,96,882.50",-,-,-
SUNDRMCLAY,EQ,29-04-1998,110.15,108.5,110.0,108.05,108.05,108.05,108.39,350,"37,937.50",-,-,-
SUNDRMCLAY,EQ,30-04-1998,108.05,105.05,110.0,105.05,110.00,110.0,109.05,550,"59,980.00",-,-,-
SUNDRMCLAY,EQ,04-05-1998,110.0,112.9,115.0,110.05,115.00,115.0,113.41,"2,350","2,66,510.00",-,-,-
SUNDRMCLAY,EQ,05-05-1998,115.0,111.05,115.0,110.5,113.00,113.0,112.36,"1,200","1,34,837.50",-,-,-
SUNDRMCLAY,EQ,06-05-1998,113.0,111.0,112.0,111.0,112.00,112.0,111.33,150,"16,700.00",-,-,-
SUNDRMCLAY,EQ,08-05-1998,112.0,111.0,111.0,108.0,108.00,108.0,109.0,150,"16,350.00",-,-,-
SUNDRMCLAY,EQ,11-05-1998,108.0,112.0,112.0,110.0,110.00,110.0,110.46,550,"60,752.50",-,-,-
SUNDRMCLAY,EQ,12-05-1998,110.0,110.0,110.1,105.0,105.00,106.5,109.49,"1,350","1,47,810.00",-,-,-
SUNDRMCLAY,EQ,13-05-1998,106.5,109.0,110.0,107.0,107.00,107.0,108.43,900,"97,590.00",-,-,-
SUNDRMCLAY,EQ,14-05-1998,107.0,106.0,109.85,106.0,109.85,109.85,106.96,400,"42,785.00",-,-,-
SUNDRMCLAY,EQ,15-05-1998,109.85,107.0,111.0,107.0,110.00,110.0,109.67,300,"32,900.00",-,-,-
SUNDRMCLAY,EQ,18-05-1998,110.0,107.0,107.0,105.0,105.00,105.0,106.0,100,"10,600.00",-,-,-
SUNDRMCLAY,EQ,19-05-1998,105.0,102.0,105.05,102.0,105.00,105.0,104.3,350,"36,505.00",-,-,-
SUNDRMCLAY,EQ,20-05-1998,105.0,103.0,107.2,102.0,107.00,107.0,105.58,"1,250","1,31,980.00",-,-,-
SUNDRMCLAY,EQ,21-05-1998,107.0,102.3,105.5,102.0,105.50,105.5,103.66,750,"77,745.00",-,-,-
SUNDRMCLAY,EQ,25-05-1998,105.5,105.0,105.5,104.95,104.95,104.95,105.06,300,"31,517.50",-,-,-
SUNDRMCLAY,EQ,26-05-1998,104.95,100.0,104.0,100.0,101.00,100.5,101.69,"2,050","2,08,455.00",-,-,-
SUNDRMCLAY,EQ,27-05-1998,100.5,106.0,106.0,101.1,101.10,101.1,104.03,550,"57,215.00",-,-,-
SUNDRMCLAY,EQ,28-05-1998,101.1,105.0,105.0,105.0,105.00,105.0,105.0,400,"42,000.00",-,-,-
SUNDRMCLAY,EQ,29-05-1998,105.0,100.0,108.25,100.0,105.00,105.0,104.8,550,"57,637.50",-,-,-
SUNDRMCLAY,EQ,01-06-1998,105.0,110.0,112.0,107.05,110.00,110.0,110.15,350,"38,552.50",-,-,-
SUNDRMCLAY,EQ,02-06-1998,110.0,104.0,104.0,101.0,103.00,103.0,101.93,750,"76,450.00",-,-,-
SUNDRMCLAY,EQ,03-06-1998,103.0,102.0,103.0,102.0,103.00,103.0,102.6,250,"25,650.00",-,-,-
SUNDRMCLAY,EQ,04-06-1998,103.0,101.0,103.0,101.0,103.00,103.0,102.5,200,"20,500.00",-,-,-
SUNDRMCLAY,EQ,05-06-1998,103.0,105.95,106.0,105.95,106.00,106.0,105.98,100,"10,597.50",-,-,-
SUNDRMCLAY,EQ,08-06-1998,106.0,101.95,106.0,101.95,102.50,102.5,104.63,"1,100","1,15,097.50",-,-,-
SUNDRMCLAY,EQ,09-06-1998,102.5,103.0,107.0,103.0,107.00,106.85,104.52,"1,100","1,14,975.00",-,-,-
SUNDRMCLAY,EQ,10-06-1998,106.85,102.5,102.5,102.0,102.00,102.0,102.1,250,"25,525.00",-,-,-
SUNDRMCLAY,EQ,11-06-1998,102.0,104.0,104.0,102.0,102.00,102.0,102.71,300,"30,812.50",-,-,-
SUNDRMCLAY,EQ,12-06-1998,102.0,102.05,103.0,102.0,103.00,102.95,102.29,350,"35,802.50",-,-,-
SUNDRMCLAY,EQ,15-06-1998,102.95,102.0,103.0,102.0,102.00,102.0,102.14,350,"35,750.00",-,-,-
SUNDRMCLAY,EQ,16-06-1998,102.0,102.0,102.0,102.0,102.00,102.0,102.0,800,"81,600.00",-,-,-
SUNDRMCLAY,EQ,18-06-1998,102.0,102.0,102.0,102.0,102.00,102.0,102.0,200,"20,400.00",-,-,-
SUNDRMCLAY,EQ,19-06-1998,102.0,102.0,102.0,102.0,102.00,102.0,102.0,750,"76,500.00",-,-,-
SUNDRMCLAY,EQ,22-06-1998,102.0,101.0,101.0,96.5,96.50,96.5,99.14,"2,000","1,98,270.00",-,-,-
SUNDRMCLAY,EQ,23-06-1998,96.5,96.5,102.0,95.0,101.00,101.0,100.65,"8,700","8,75,620.00",-,-,-
SUNDRMCLAY,EQ,24-06-1998,101.0,102.0,103.0,101.0,101.00,101.0,101.62,"3,800","3,86,150.00",-,-,-
SUNDRMCLAY,EQ,25-06-1998,101.0,101.5,102.0,101.5,102.00,102.0,101.9,250,"25,475.00",-,-,-
SUNDRMCLAY,EQ,26-06-1998,102.0,101.0,101.0,101.0,101.00,101.0,101.0,50,"5,050.00",-,-,-
SUNDRMCLAY,EQ,29-06-1998,101.0,102.0,102.0,102.0,102.00,102.0,102.0,"1,050","1,07,100.00",-,-,-
SUNDRMCLAY,EQ,30-06-1998,102.0,101.0,103.5,100.75,102.00,102.0,102.94,"21,700","22,33,827.50",-,-,-
SUNDRMCLAY,EQ,01-07-1998,102.0,102.0,102.0,101.0,102.00,102.0,101.86,"2,250","2,29,175.00",-,-,-
SUNDRMCLAY,EQ,02-07-1998,102.0,101.0,102.0,101.0,102.00,102.0,101.62,"1,050","1,06,700.00",-,-,-
SUNDRMCLAY,EQ,03-07-1998,102.0,101.0,102.0,101.0,102.00,102.0,101.5,"2,000","2,03,000.00",-,-,-
SUNDRMCLAY,EQ,06-07-1998,102.0,109.0,109.0,102.0,102.00,102.0,102.41,850,"87,050.00",-,-,-
SUNDRMCLAY,EQ,07-07-1998,102.0,102.0,102.1,102.0,102.00,102.0,102.03,350,"35,710.00",-,-,-
SUNDRMCLAY,EQ,09-07-1998,102.0,102.1,105.0,102.1,105.00,105.0,103.79,850,"88,225.00",-,-,-
SUNDRMCLAY,EQ,10-07-1998,105.0,103.0,103.0,102.0,102.00,102.0,102.5,400,"41,000.00",-,-,-
SUNDRMCLAY,EQ,13-07-1998,102.0,102.0,102.0,102.0,102.00,102.0,102.0,300,"30,600.00",-,-,-
SUNDRMCLAY,EQ,14-07-1998,102.0,102.0,102.0,102.0,102.00,102.0,102.0,"1,000","1,02,000.00",-,-,-
SUNDRMCLAY,EQ,15-07-1998,102.0,102.0,102.0,102.0,102.00,102.0,102.0,"1,000","1,02,000.00",-,-,-
SUNDRMCLAY,EQ,16-07-1998,102.0,100.0,100.0,100.0,100.00,100.0,100.0,50,"5,000.00",-,-,-
SUNDRMCLAY,EQ,17-07-1998,100.0,98.0,98.0,98.0,98.00,98.0,98.0,200,"19,600.00",-,-,-
SUNDRMCLAY,EQ,20-07-1998,98.0,97.0,98.0,96.0,96.00,96.0,97.09,550,"53,400.00",-,-,-
SUNDRMCLAY,EQ,21-07-1998,96.0,96.0,96.0,95.0,95.00,95.0,95.21,700,"66,650.00",-,-,-
SUNDRMCLAY,EQ,22-07-1998,95.0,95.0,95.0,95.0,95.00,95.0,95.0,200,"19,000.00",-,-,-
SUNDRMCLAY,EQ,23-07-1998,95.0,95.0,95.0,95.0,95.00,95.0,95.0,200,"19,000.00",-,-,-
SUNDRMCLAY,EQ,24-07-1998,95.0,101.0,101.0,92.0,92.00,92.0,96.0,150,"14,400.00",-,-,-
SUNDRMCLAY,EQ,27-07-1998,92.0,92.0,92.0,90.0,90.00,91.6,91.82,"1,100","1,01,000.00",-,-,-
SUNDRMCLAY,EQ,28-07-1998,91.6,90.0,91.0,90.0,90.00,90.0,90.07,750,"67,550.00",-,-,-
SUNDRMCLAY,EQ,29-07-1998,90.0,92.0,92.0,92.0,92.00,92.0,92.0,100,"9,200.00",-,-,-
SUNDRMCLAY,EQ,30-07-1998,92.0,91.5,92.0,90.0,90.00,90.0,90.57,"1,050","95,100.00",-,-,-
SUNDRMCLAY,EQ,31-07-1998,90.0,90.0,90.0,90.0,90.00,90.0,90.0,500,"45,000.00",-,-,-
SUNDRMCLAY,EQ,03-08-1998,90.0,90.0,90.0,85.0,88.00,88.0,88.43,"4,150","3,67,000.00",-,-,-
SUNDRMCLAY,EQ,04-08-1998,88.0,90.0,90.0,88.0,88.00,88.1,88.33,"4,550","4,01,900.00",-,-,-
SUNDRMCLAY,EQ,05-08-1998,88.1,92.0,92.5,88.0,88.00,88.0,88.86,"5,150","4,57,637.50",-,-,-
SUNDRMCLAY,EQ,06-08-1998,88.0,88.25,95.0,88.15,89.80,89.8,94.88,"20,400","19,35,460.00",-,-,-
SUNDRMCLAY,EQ,07-08-1998,89.8,89.0,89.0,88.2,89.00,88.95,88.58,650,"57,580.00",-,-,-
SUNDRMCLAY,EQ,10-08-1998,88.95,88.5,93.0,88.5,92.00,91.55,92.86,"21,500","19,96,432.50",-,-,-
SUNDRMCLAY,BE,10-08-1998,125.0,89.0,89.0,89.0,89.00,89.0,89.0,1,89.00,-,-,-
SUNDRMCLAY,EQ,11-08-1998,91.55,90.05,91.0,90.05,91.00,91.0,90.58,250,"22,645.00",-,-,-
SUNDRMCLAY,EQ,14-08-1998,91.0,90.0,90.0,90.0,90.00,90.0,90.0,200,"18,000.00",-,-,-
SUNDRMCLAY,EQ,17-08-1998,90.0,90.0,90.0,90.0,90.00,90.0,90.0,50,"4,500.00",-,-,-
SUNDRMCLAY,EQ,18-08-1998,90.0,90.0,91.45,89.0,91.45,89.6,89.58,300,"26,875.00",-,-,-
SUNDRMCLAY,EQ,19-08-1998,89.6,90.0,90.0,89.0,89.00,89.05,89.37,150,"13,405.00",-,-,-
SUNDRMCLAY,EQ,20-08-1998,89.05,89.0,89.5,89.0,89.50,89.45,89.04,"1,100","97,947.50",-,-,-
SUNDRMCLAY,EQ,21-08-1998,89.45,90.0,90.0,89.0,89.00,89.0,89.26,950,"84,800.00",-,-,-
SUNDRMCLAY,EQ,24-08-1998,89.0,88.0,88.0,88.0,88.00,88.0,88.0,50,"4,400.00",-,-,-
SUNDRMCLAY,EQ,25-08-1998,88.0,89.0,89.05,89.0,89.00,89.0,89.0,"2,250","2,00,252.50",-,-,-
SUNDRMCLAY,EQ,27-08-1998,89.0,90.0,90.0,89.0,90.00,90.0,89.33,"1,050","93,800.00",-,-,-
SUNDRMCLAY,EQ,31-08-1998,90.0,85.2,87.5,85.2,87.00,87.0,86.68,400,"34,670.00",-,-,-
SUNDRMCLAY,EQ,01-09-1998,87.0,86.0,89.5,86.0,89.00,89.25,87.88,"1,400","1,23,025.00",-,-,-
SUNDRMCLAY,BE,02-09-1998,89.0,95.0,95.0,95.0,95.00,95.0,95.0,1,95.00,-,-,-
SUNDRMCLAY,EQ,02-09-1998,89.25,86.0,87.0,86.0,86.00,86.0,86.91,"1,100","95,600.00",-,-,-
SUNDRMCLAY,EQ,03-09-1998,86.0,86.0,88.5,86.0,88.00,88.0,87.28,400,"34,910.00",-,-,-
SUNDRMCLAY,EQ,04-09-1998,88.0,86.5,86.5,86.0,86.25,86.25,86.16,550,"47,387.50",-,-,-
SUNDRMCLAY,EQ,07-09-1998,86.25,88.5,89.75,88.5,89.75,89.75,88.81,"1,000","88,812.50",-,-,-
SUNDRMCLAY,EQ,08-09-1998,89.75,90.0,90.0,89.0,89.00,89.0,89.15,850,"75,775.00",-,-,-
SUNDRMCLAY,EQ,09-09-1998,89.0,90.0,90.0,90.0,90.00,90.0,90.0,150,"13,500.00",-,-,-
SUNDRMCLAY,EQ,10-09-1998,90.0,87.0,87.0,87.0,87.00,87.0,87.0,50,"4,350.00",-,-,-
SUNDRMCLAY,BE,10-09-1998,95.0,90.0,90.0,90.0,90.00,90.0,90.0,1,90.00,-,-,-
SUNDRMCLAY,BE,11-09-1998,90.0,88.0,88.0,88.0,88.00,88.0,88.0,1,88.00,-,-,-
SUNDRMCLAY,BE,14-09-1998,88.0,85.0,85.0,85.0,85.00,85.0,85.0,2,170.00,-,-,-
SUNDRMCLAY,EQ,15-09-1998,87.0,88.5,88.5,86.0,86.00,86.0,87.75,"1,400","1,22,850.00",-,-,-
SUNDRMCLAY,BE,16-09-1998,85.0,85.0,85.0,85.0,85.00,85.0,85.0,11,935.00,-,-,-
SUNDRMCLAY,EQ,16-09-1998,86.0,86.5,86.5,86.5,86.50,86.5,86.5,100,"8,650.00",-,-,-
SUNDRMCLAY,EQ,17-09-1998,86.5,88.0,90.0,88.0,90.00,90.0,88.8,250,"22,200.00",-,-,-
SUNDRMCLAY,EQ,21-09-1998,90.0,89.0,89.0,87.5,89.00,89.0,88.0,300,"26,400.00",-,-,-
SUNDRMCLAY,EQ,22-09-1998,89.0,89.5,89.5,85.0,85.25,85.25,87.25,350,"30,537.50",-,-,-
SUNDRMCLAY,EQ,23-09-1998,85.25,89.0,89.0,89.0,89.00,89.0,89.0,100,"8,900.00",-,-,-
SUNDRMCLAY,EQ,24-09-1998,89.0,89.0,90.0,89.0,89.00,89.0,89.56,400,"35,825.00",-,-,-
SUNDRMCLAY,EQ,25-09-1998,89.0,94.75,95.0,89.5,95.00,95.0,91.79,"1,200","1,10,147.50",-,-,-
SUNDRMCLAY,EQ,28-09-1998,95.0,99.0,99.0,99.0,99.00,99.0,99.0,300,"29,700.00",-,-,-
SUNDRMCLAY,BE,28-09-1998,85.0,100.0,100.0,100.0,100.00,100.0,100.0,1,100.00,-,-,-
SUNDRMCLAY,EQ,29-09-1998,99.0,106.5,106.95,106.5,106.75,106.75,106.6,350,"37,310.00",-,-,-
SUNDRMCLAY,EQ,30-09-1998,106.75,110.0,115.3,110.0,115.30,115.3,113.01,"1,950","2,20,375.00",-,-,-
SUNDRMCLAY,EQ,05-10-1998,115.3,107.0,110.5,106.1,107.00,107.0,106.92,850,"90,880.00",-,-,-
SUNDRMCLAY,EQ,06-10-1998,107.0,107.0,110.0,107.0,109.00,109.0,108.5,700,"75,947.50",-,-,-
SUNDRMCLAY,EQ,07-10-1998,109.0,115.0,115.0,110.05,115.00,115.0,114.33,450,"51,447.50",-,-,-
SUNDRMCLAY,EQ,08-10-1998,115.0,112.0,113.0,108.0,108.00,108.0,111.51,350,"39,030.00",-,-,-
SUNDRMCLAY,EQ,09-10-1998,108.0,110.0,112.5,108.1,111.75,110.05,110.01,800,"88,010.00",-,-,-
SUNDRMCLAY,EQ,12-10-1998,110.05,109.0,109.0,107.0,107.95,107.95,108.09,600,"64,852.50",-,-,-
SUNDRMCLAY,EQ,13-10-1998,107.95,105.0,107.5,105.0,105.10,105.1,106.75,"1,600","1,70,795.00",-,-,-
SUNDRMCLAY,EQ,14-10-1998,105.1,105.0,105.0,101.1,101.10,101.1,103.7,150,"15,555.00",-,-,-
SUNDRMCLAY,EQ,15-10-1998,101.1,105.0,106.0,96.0,96.00,98.0,100.53,750,"75,400.00",-,-,-
SUNDRMCLAY,EQ,16-10-1998,98.0,98.1,98.1,98.0,98.00,98.0,98.07,150,"14,710.00",-,-,-
SUNDRMCLAY,EQ,20-10-1998,98.0,98.05,98.1,98.05,98.05,98.05,98.06,200,"19,612.50",-,-,-
SUNDRMCLAY,EQ,22-10-1998,98.05,98.0,98.0,98.0,98.00,98.0,98.0,150,"14,700.00",-,-,-
SUNDRMCLAY,EQ,23-10-1998,98.0,99.0,99.0,99.0,99.00,99.0,99.0,50,"4,950.00",-,-,-
SUNDRMCLAY,EQ,26-10-1998,99.0,104.0,106.6,104.0,106.60,106.6,106.35,"1,300","1,38,255.00",-,-,-
SUNDRMCLAY,EQ,27-10-1998,106.6,110.9,113.0,107.55,113.00,113.0,110.88,550,"60,982.50",-,-,-
SUNDRMCLAY,EQ,28-10-1998,113.0,109.85,110.25,109.85,110.10,110.15,110.12,800,"88,095.00",-,-,-
SUNDRMCLAY,EQ,29-10-1998,110.15,108.0,111.0,108.0,110.00,110.0,109.55,400,"43,820.00",-,-,-
SUNDRMCLAY,EQ,30-10-1998,110.0,110.0,111.9,110.0,111.90,111.9,110.29,500,"55,145.00",-,-,-
SUNDRMCLAY,EQ,31-10-1998,111.9,110.0,110.0,110.0,110.00,110.0,110.0,100,"11,000.00",-,-,-
SUNDRMCLAY,EQ,02-11-1998,110.0,111.0,111.0,109.0,109.50,109.5,109.95,550,"60,475.00",-,-,-
SUNDRMCLAY,EQ,03-11-1998,109.5,109.0,110.9,105.0,110.90,110.9,107.75,800,"86,200.00",-,-,-
SUNDRMCLAY,BE,03-11-1998,100.0,103.0,103.0,103.0,103.00,103.0,103.0,15,"1,545.00",-,-,-
SUNDRMCLAY,EQ,05-11-1998,110.9,109.5,110.0,109.5,110.00,110.0,109.83,150,"16,475.00",-,-,-
SUNDRMCLAY,EQ,06-11-1998,110.0,109.75,110.0,103.0,103.00,103.35,106.01,"1,400","1,48,410.00",-,-,-
SUNDRMCLAY,EQ,09-11-1998,103.35,109.0,110.0,107.05,110.00,110.0,109.43,"1,600","1,75,095.00",-,-,-
SUNDRMCLAY,EQ,10-11-1998,110.0,110.0,114.0,110.0,112.40,111.3,111.91,"1,250","1,39,887.50",-,-,-
SUNDRMCLAY,EQ,11-11-1998,111.3,115.0,115.0,112.6,115.00,114.75,114.25,"1,050","1,19,962.50",-,-,-
SUNDRMCLAY,EQ,12-11-1998,114.75,112.0,112.0,111.5,111.50,111.5,111.83,300,"33,550.00",-,-,-
SUNDRMCLAY,EQ,13-11-1998,111.5,112.6,112.6,112.55,112.55,112.55,112.57,150,"16,885.00",-,-,-
SUNDRMCLAY,EQ,16-11-1998,112.55,112.0,112.0,112.0,112.00,112.0,112.0,150,"16,800.00",-,-,-
SUNDRMCLAY,EQ,17-11-1998,112.0,106.5,112.0,106.5,106.60,106.65,107.33,900,"96,600.00",-,-,-
SUNDRMCLAY,EQ,18-11-1998,106.65,110.0,110.0,110.0,110.00,110.0,110.0,100,"11,000.00",-,-,-
SUNDRMCLAY,EQ,19-11-1998,110.0,111.0,114.0,110.5,114.00,114.0,112.29,"1,350","1,51,590.00",-,-,-
SUNDRMCLAY,EQ,20-11-1998,114.0,112.75,114.0,111.0,114.00,114.0,112.99,700,"79,090.00",-,-,-
SUNDRMCLAY,EQ,21-11-1998,114.0,112.0,112.0,112.0,112.00,112.0,112.0,50,"5,600.00",-,-,-
SUNDRMCLAY,EQ,23-11-1998,112.0,112.0,113.5,111.5,111.50,111.5,112.09,350,"39,230.00",-,-,-
SUNDRMCLAY,EQ,24-11-1998,111.5,109.1,111.0,109.1,111.00,111.0,110.37,150,"16,555.00",-,-,-
SUNDRMCLAY,EQ,26-11-1998,111.0,111.0,113.4,111.0,113.40,113.4,111.28,950,"1,05,720.00",-,-,-
SUNDRMCLAY,EQ,27-11-1998,113.4,112.9,115.0,110.0,110.30,110.3,111.16,"1,050","1,16,715.00",-,-,-
SUNDRMCLAY,EQ,28-11-1998,110.3,114.0,114.0,110.25,111.75,111.75,111.82,550,"61,500.00",-,-,-
SUNDRMCLAY,EQ,30-11-1998,111.75,111.55,111.55,111.1,111.25,111.25,111.33,"1,300","1,44,725.00",-,-,-
SUNDRMCLAY,EQ,01-12-1998,111.25,114.0,119.95,114.0,119.95,119.95,116.02,"2,200","2,55,245.00",-,-,-
SUNDRMCLAY,EQ,02-12-1998,119.95,123.45,124.4,120.0,121.00,121.0,120.92,"1,050","1,26,967.50",-,-,-
SUNDRMCLAY,EQ,03-12-1998,121.0,119.0,120.0,119.0,120.00,120.0,119.4,600,"71,640.00",-,-,-
SUNDRMCLAY,EQ,04-12-1998,120.0,117.2,120.0,117.2,120.00,120.0,119.6,"1,200","1,43,520.00",-,-,-
SUNDRMCLAY,EQ,07-12-1998,120.0,121.1,121.1,121.0,121.00,121.0,121.03,200,"24,205.00",-,-,-
SUNDRMCLAY,EQ,08-12-1998,121.0,117.0,119.0,112.05,112.05,112.05,117.76,"2,400","2,82,617.50",-,-,-
SUNDRMCLAY,EQ,09-12-1998,112.05,117.9,118.0,117.9,118.00,118.0,117.98,200,"23,595.00",-,-,-
SUNDRMCLAY,EQ,10-12-1998,118.0,116.6,120.0,116.6,118.00,118.0,118.24,250,"29,560.00",-,-,-
SUNDRMCLAY,EQ,11-12-1998,118.0,120.9,121.0,120.9,121.00,121.0,120.93,400,"48,372.50",-,-,-
SUNDRMCLAY,EQ,14-12-1998,121.0,116.0,116.1,116.0,116.00,116.0,116.03,150,"17,405.00",-,-,-
SUNDRMCLAY,EQ,15-12-1998,116.0,119.0,121.0,116.05,116.05,116.05,120.39,"1,250","1,50,482.50",-,-,-
SUNDRMCLAY,EQ,16-12-1998,116.05,116.0,117.9,116.0,116.50,116.5,116.25,750,"87,187.50",-,-,-
SUNDRMCLAY,BE,16-12-1998,103.0,121.0,121.0,121.0,121.00,121.0,121.0,3,363.00,-,-,-
SUNDRMCLAY,EQ,17-12-1998,116.5,115.0,115.0,111.55,111.55,111.55,114.62,450,"51,577.50",-,-,-
SUNDRMCLAY,EQ,18-12-1998,111.55,112.0,115.9,112.0,115.00,115.0,113.73,200,"22,745.00",-,-,-
SUNDRMCLAY,EQ,22-12-1998,115.0,115.0,117.0,115.0,116.00,116.0,115.75,550,"63,662.50",-,-,-
SUNDRMCLAY,EQ,23-12-1998,116.0,116.0,116.25,112.1,115.00,115.0,115.01,"1,050","1,20,757.50",-,-,-
SUNDRMCLAY,EQ,24-12-1998,115.0,111.0,115.0,111.0,115.00,115.0,113.55,450,"51,097.50",-,-,-
SUNDRMCLAY,EQ,28-12-1998,115.0,115.45,116.0,112.0,112.00,112.0,114.56,350,"40,095.00",-,-,-
SUNDRMCLAY,BE,28-12-1998,121.0,120.0,120.0,120.0,120.00,120.0,120.0,1,120.00,-,-,-
SUNDRMCLAY,EQ,29-12-1998,112.0,112.0,114.0,112.0,112.00,112.0,112.73,550,"62,000.00",-,-,-
SUNDRMCLAY,EQ,30-12-1998,112.0,113.5,114.9,113.0,114.90,114.9,113.75,900,"1,02,375.00",-,-,-
SUNDRMCLAY,BE,31-12-1998,120.0,120.0,120.0,120.0,120.00,120.0,120.0,2,240.00,-,-,-
SUNDRMCLAY,EQ,01-01-1999,114.9,113.25,114.9,113.25,114.9,114.9,114.45,400,"45,780.00",-,-,-
SUNDRMCLAY,EQ,04-01-1999,114.9,115.0,115.4,115.0,115.4,115.4,115.09,750,"86,315.00",-,-,-
SUNDRMCLAY,BE,05-01-1999,120.0,123.5,123.5,123.5,123.5,123.5,123.5,1,123.50,-,-,-
SUNDRMCLAY,EQ,05-01-1999,115.4,114.0,115.0,114.0,115.0,115.0,114.44,850,"97,275.00",-,-,-
SUNDRMCLAY,EQ,06-01-1999,115.0,115.0,115.1,115.0,115.1,115.1,115.05,200,"23,010.00",-,-,-
SUNDRMCLAY,EQ,07-01-1999,115.1,119.0,121.0,118.0,118.3,118.3,119.45,"1,150","1,37,367.50",-,-,-
SUNDRMCLAY,EQ,08-01-1999,118.3,118.0,121.0,117.1,121.0,121.0,118.69,700,"83,085.00",-,-,-
SUNDRMCLAY,EQ,11-01-1999,121.0,121.25,124.75,121.25,123.0,123.0,123.1,750,"92,325.00",-,-,-
SUNDRMCLAY,EQ,12-01-1999,123.0,120.0,125.5,120.0,125.0,125.0,123.35,"1,850","2,28,200.00",-,-,-
SUNDRMCLAY,EQ,13-01-1999,125.0,131.0,131.5,126.0,128.1,128.1,129.34,800,"1,03,472.50",-,-,-
SUNDRMCLAY,EQ,14-01-1999,128.1,121.0,125.0,121.0,125.0,125.0,123.53,550,"67,940.00",-,-,-
SUNDRMCLAY,EQ,15-01-1999,125.0,121.1,121.1,118.0,118.0,118.0,120.52,300,"36,155.00",-,-,-
SUNDRMCLAY,EQ,18-01-1999,118.0,116.0,120.0,116.0,120.0,120.0,118.69,400,"47,475.00",-,-,-
SUNDRMCLAY,EQ,19-01-1999,120.0,121.0,121.0,117.1,120.0,120.0,119.09,450,"53,590.00",-,-,-
SUNDRMCLAY,EQ,21-01-1999,120.0,117.0,120.0,117.0,118.25,118.25,118.13,300,"35,437.50",-,-,-
SUNDRMCLAY,EQ,22-01-1999,118.25,119.0,124.0,119.0,119.0,119.0,120.55,800,"96,437.50",-,-,-
SUNDRMCLAY,BE,22-01-1999,123.5,122.0,122.0,122.0,122.0,122.0,122.0,8,976.00,-,-,-
SUNDRMCLAY,EQ,25-01-1999,119.0,117.0,117.0,115.0,117.0,117.0,116.07,750,"87,050.00",-,-,-
SUNDRMCLAY,EQ,27-01-1999,117.0,120.0,121.0,116.6,119.95,119.95,119.79,900,"1,07,812.50",-,-,-
SUNDRMCLAY,EQ,28-01-1999,119.95,116.0,121.0,116.0,116.5,116.5,117.99,950,"1,12,095.00",-,-,-
SUNDRMCLAY,EQ,29-01-1999,116.5,116.0,120.0,116.0,120.0,120.0,118.04,"3,600","4,24,945.00",-,-,-
SUNDRMCLAY,EQ,01-02-1999,120.0,116.0,116.0,116.0,116.0,116.0,116.0,100,"11,600.00",-,-,-
SUNDRMCLAY,EQ,02-02-1999,116.0,125.0,125.2,118.5,125.2,125.2,123.31,"1,300","1,60,297.50",-,-,-
SUNDRMCLAY,EQ,03-02-1999,125.2,135.0,135.2,132.0,135.0,135.0,134.63,"2,600","3,50,037.50",-,-,-
SUNDRMCLAY,EQ,04-02-1999,135.0,142.0,142.0,134.0,134.0,134.0,138.01,"3,900","5,38,220.00",-,-,-
SUNDRMCLAY,EQ,05-02-1999,134.0,132.5,133.0,126.0,127.0,127.0,128.16,"1,500","1,92,235.00",-,-,-
SUNDRMCLAY,EQ,08-02-1999,127.0,134.0,134.0,123.0,124.5,124.5,125.25,"1,600","2,00,400.00",-,-,-
SUNDRMCLAY,EQ,09-02-1999,124.5,120.0,125.0,117.0,117.0,117.0,118.43,"2,400","2,84,235.00",-,-,-
SUNDRMCLAY,EQ,10-02-1999,117.0,122.8,122.8,120.0,120.0,120.0,120.7,650,"78,455.00",-,-,-
SUNDRMCLAY,EQ,11-02-1999,120.0,118.0,122.0,118.0,122.0,122.0,120.0,100,"12,000.00",-,-,-
SUNDRMCLAY,EQ,12-02-1999,122.0,122.0,122.0,119.0,120.95,120.95,120.55,350,"42,192.50",-,-,-
SUNDRMCLAY,EQ,15-02-1999,120.95,114.0,120.0,114.0,120.0,120.0,118.26,"1,350","1,59,650.00",-,-,-
SUNDRMCLAY,EQ,16-02-1999,120.0,119.6,125.0,119.6,122.0,122.0,121.23,800,"96,980.00",-,-,-
SUNDRMCLAY,EQ,17-02-1999,122.0,122.0,125.0,115.1,115.25,115.25,119.22,"1,500","1,78,827.50",-,-,-
SUNDRMCLAY,EQ,18-02-1999,115.25,117.0,117.0,115.0,115.0,115.0,116.15,850,"98,725.00",-,-,-
SUNDRMCLAY,EQ,19-02-1999,115.0,112.0,120.0,112.0,120.0,120.0,117.07,"1,300","1,52,192.50",-,-,-
SUNDRMCLAY,EQ,22-02-1999,120.0,115.2,117.0,115.0,115.0,115.0,115.39,550,"63,465.00",-,-,-
SUNDRMCLAY,EQ,23-02-1999,115.0,118.5,120.0,116.0,120.0,120.0,118.69,"1,450","1,72,105.00",-,-,-
SUNDRMCLAY,EQ,24-02-1999,120.0,115.6,121.0,115.6,121.0,121.0,119.27,550,"65,597.50",-,-,-
SUNDRMCLAY,BE,24-02-1999,122.0,120.0,120.0,120.0,120.0,120.0,120.0,1,120.00,-,-,-
SUNDRMCLAY,EQ,25-02-1999,121.0,119.0,120.9,118.55,118.55,118.55,119.36,200,"23,872.50",-,-,-
SUNDRMCLAY,EQ,26-02-1999,118.55,119.0,120.5,119.0,120.0,120.0,119.93,"1,250","1,49,917.50",-,-,-
SUNDRMCLAY,EQ,27-02-1999,120.0,117.5,117.5,117.5,117.5,117.5,117.5,50,"5,875.00",-,-,-
SUNDRMCLAY,EQ,01-03-1999,117.5,120.0,120.0,117.0,120.0,120.0,118.99,"2,600","3,09,385.00",-,-,-
SUNDRMCLAY,EQ,03-03-1999,120.0,117.5,120.0,117.5,120.0,120.0,119.22,700,"83,452.50",-,-,-
SUNDRMCLAY,EQ,04-03-1999,120.0,116.25,120.0,115.9,116.25,116.25,118.89,"2,350","2,79,395.00",-,-,-
SUNDRMCLAY,EQ,05-03-1999,116.25,119.9,121.5,114.0,121.05,121.05,119.49,"2,250","2,68,847.50",-,-,-
SUNDRMCLAY,EQ,08-03-1999,121.05,117.05,119.0,117.05,118.0,118.0,117.64,400,"47,055.00",-,-,-
SUNDRMCLAY,EQ,09-03-1999,118.0,115.0,118.5,115.0,115.0,115.0,115.59,"1,050","1,21,370.00",-,-,-
SUNDRMCLAY,EQ,10-03-1999,115.0,119.0,120.0,108.05,120.0,120.0,117.43,"1,400","1,64,397.50",-,-,-
SUNDRMCLAY,EQ,11-03-1999,120.0,120.0,120.0,115.6,120.0,120.0,119.38,"1,500","1,79,065.00",-,-,-
SUNDRMCLAY,EQ,12-03-1999,120.0,120.0,120.0,119.0,119.0,119.0,119.78,450,"53,900.00",-,-,-
SUNDRMCLAY,EQ,15-03-1999,119.0,116.1,118.0,116.0,117.0,117.0,116.78,200,"23,355.00",-,-,-
SUNDRMCLAY,EQ,16-03-1999,117.0,117.9,125.0,117.9,124.0,124.0,123.69,"14,850","18,36,795.00",-,-,-
SUNDRMCLAY,EQ,17-03-1999,124.0,130.0,133.95,130.0,133.95,133.95,133.84,"2,000","2,67,687.50",-,-,-
SUNDRMCLAY,EQ,18-03-1999,133.95,140.0,144.1,139.1,144.1,144.1,142.42,"1,750","2,49,237.50",-,-,-
SUNDRMCLAY,EQ,19-03-1999,144.1,149.0,155.65,149.0,155.65,155.65,155.24,900,"1,39,720.00",-,-,-
SUNDRMCLAY,EQ,20-03-1999,155.65,165.0,168.1,162.0,168.1,168.1,166.62,"1,200","1,99,942.50",-,-,-
SUNDRMCLAY,EQ,22-03-1999,168.1,158.0,160.0,154.7,155.3,155.3,155.99,"4,400","6,86,342.50",-,-,-
SUNDRMCLAY,EQ,23-03-1999,155.3,155.0,155.0,144.0,145.0,145.0,149.41,"1,400","2,09,172.50",-,-,-
SUNDRMCLAY,EQ,24-03-1999,145.0,147.0,150.0,145.0,145.0,145.0,147.52,"1,850","2,72,905.00",-,-,-
SUNDRMCLAY,EQ,25-03-1999,145.0,140.0,140.0,137.5,140.0,140.0,139.0,350,"48,650.00",-,-,-
SUNDRMCLAY,EQ,26-03-1999,140.0,135.0,135.0,132.0,133.0,133.0,134.03,"2,000","2,68,052.50",-,-,-
SUNDRMCLAY,EQ,30-03-1999,133.0,135.0,135.0,127.5,129.0,129.0,129.19,"1,000","1,29,185.00",-,-,-
SUNDRMCLAY,EQ,31-03-1999,129.0,126.0,133.0,126.0,129.5,129.5,130.91,"2,350","3,07,650.00",-,-,-
SUNDRMCLAY,EQ,01-04-1999,129.5,129.5,131.4,125.5,125.5,125.5,128.35,"1,950","2,50,282.50",-,-,-
SUNDRMCLAY,EQ,05-04-1999,125.5,124.0,124.5,124.0,124.5,124.5,124.25,300,"37,275.00",-,-,-
SUNDRMCLAY,EQ,06-04-1999,124.5,120.25,125.8,120.25,125.8,125.8,121.92,850,"1,03,630.00",-,-,-
SUNDRMCLAY,EQ,07-04-1999,125.8,120.0,125.0,120.0,125.0,125.0,123.8,600,"74,282.50",-,-,-
SUNDRMCLAY,EQ,08-04-1999,125.0,126.95,126.95,122.75,122.75,122.75,123.8,200,"24,760.00",-,-,-
SUNDRMCLAY,EQ,09-04-1999,122.75,119.5,120.9,119.25,119.25,119.25,119.63,400,"47,852.50",-,-,-
SUNDRMCLAY,EQ,12-04-1999,119.25,118.0,118.0,117.1,117.1,117.1,117.43,200,"23,485.00",-,-,-
SUNDRMCLAY,EQ,13-04-1999,117.1,120.0,126.5,120.0,126.5,126.5,125.88,"1,300","1,63,650.00",-,-,-
SUNDRMCLAY,EQ,15-04-1999,126.5,121.0,131.0,121.0,131.0,131.0,127.71,700,"89,400.00",-,-,-
SUNDRMCLAY,EQ,16-04-1999,131.0,131.0,141.0,131.0,141.0,141.0,137.74,"2,400","3,30,587.50",-,-,-
SUNDRMCLAY,EQ,17-04-1999,141.0,142.45,142.45,131.0,131.0,131.0,135.59,850,"1,15,250.00",-,-,-
SUNDRMCLAY,EQ,19-04-1999,131.0,127.0,132.0,127.0,132.0,132.0,129.55,"1,000","1,29,545.00",-,-,-
SUNDRMCLAY,EQ,20-04-1999,132.0,130.0,130.0,123.55,123.6,123.6,125.39,950,"1,19,120.00",-,-,-
SUNDRMCLAY,EQ,21-04-1999,123.6,126.0,128.0,126.0,128.0,128.0,126.9,250,"31,725.00",-,-,-
SUNDRMCLAY,EQ,22-04-1999,128.0,129.5,129.5,126.0,126.0,126.0,126.77,450,"57,047.50",-,-,-
SUNDRMCLAY,EQ,23-04-1999,126.0,122.25,122.25,122.25,122.25,122.25,122.25,200,"24,450.00",-,-,-
SUNDRMCLAY,EQ,26-04-1999,122.25,115.0,115.1,115.0,115.0,115.0,115.0,"1,900","2,18,507.50",-,-,-
SUNDRMCLAY,EQ,28-04-1999,115.0,117.1,117.1,117.1,117.1,117.1,117.1,50,"5,855.00",-,-,-
SUNDRMCLAY,EQ,29-04-1999,117.1,120.0,120.0,117.0,117.0,117.0,118.33,450,"53,250.00",-,-,-
SUNDRMCLAY,EQ,30-04-1999,117.0,119.9,120.0,119.9,120.0,120.0,119.95,100,"11,995.00",-,-,-
SUNDRMCLAY,EQ,04-05-1999,120.0,122.9,122.9,116.0,116.1,116.1,118.2,250,"29,550.00",-,-,-
SUNDRMCLAY,EQ,05-05-1999,116.1,120.0,123.85,118.5,123.85,123.85,120.1,600,"72,057.50",-,-,-
SUNDRMCLAY,EQ,06-05-1999,123.85,119.0,119.1,119.0,119.1,119.1,119.05,100,"11,905.00",-,-,-
SUNDRMCLAY,EQ,07-05-1999,119.1,116.0,117.5,116.0,117.5,117.5,116.75,200,"23,350.00",-,-,-
SUNDRMCLAY,EQ,10-05-1999,117.5,117.0,118.0,115.0,118.0,118.0,116.76,400,"46,705.00",-,-,-
SUNDRMCLAY,EQ,11-05-1999,118.0,127.1,127.1,127.1,127.1,127.1,127.1,"1,650","2,09,715.00",-,-,-
SUNDRMCLAY,EQ,12-05-1999,127.1,120.05,137.1,120.05,133.8,133.8,136.72,"12,700","17,36,392.50",-,-,-
SUNDRMCLAY,EQ,13-05-1999,133.8,135.0,144.5,133.1,144.5,144.5,137.9,"3,800","5,24,005.00",-,-,-
SUNDRMCLAY,EQ,14-05-1999,144.5,144.55,151.75,138.6,141.0,141.0,141.49,"1,700","2,40,527.50",-,-,-
SUNDRMCLAY,EQ,17-05-1999,141.0,132.2,134.5,132.0,134.5,134.5,132.67,450,"59,700.00",-,-,-
SUNDRMCLAY,EQ,18-05-1999,134.5,128.55,135.0,128.1,128.1,128.1,130.92,"1,100","1,44,015.00",-,-,-
SUNDRMCLAY,EQ,19-05-1999,128.1,134.0,137.0,133.0,136.95,136.95,135.22,"1,100","1,48,740.00",-,-,-
SUNDRMCLAY,EQ,20-05-1999,136.95,130.0,130.0,130.0,130.0,130.0,130.0,350,"45,500.00",-,-,-
SUNDRMCLAY,EQ,21-05-1999,130.0,122.0,122.0,122.0,122.0,122.0,122.0,50,"6,100.00",-,-,-
SUNDRMCLAY,EQ,24-05-1999,122.0,125.0,125.0,125.0,125.0,125.0,125.0,50,"6,250.00",-,-,-
SUNDRMCLAY,EQ,25-05-1999,125.0,126.0,130.0,126.0,128.0,128.0,128.71,350,"45,050.00",-,-,-
SUNDRMCLAY,EQ,26-05-1999,128.0,129.0,129.0,128.0,128.0,128.0,128.5,100,"12,850.00",-,-,-
SUNDRMCLAY,EQ,27-05-1999,128.0,128.0,129.95,127.0,127.0,127.0,128.13,350,"44,845.00",-,-,-
SUNDRMCLAY,EQ,28-05-1999,127.0,124.5,124.5,118.5,118.5,118.5,120.05,600,"72,030.00",-,-,-
SUNDRMCLAY,EQ,31-05-1999,118.5,125.0,125.0,125.0,125.0,125.0,125.0,150,"18,750.00",-,-,-
SUNDRMCLAY,EQ,01-06-1999,125.0,120.05,128.0,120.05,125.0,125.0,125.35,700,"87,742.50",-,-,-
SUNDRMCLAY,EQ,02-06-1999,125.0,125.0,125.0,125.0,125.0,125.0,125.0,200,"25,000.00",-,-,-
SUNDRMCLAY,EQ,03-06-1999,125.0,125.05,126.0,125.0,126.0,126.0,125.26,400,"50,102.50",-,-,-
SUNDRMCLAY,EQ,04-06-1999,126.0,126.0,129.0,126.0,126.1,126.1,127.45,650,"82,840.00",-,-,-
SUNDRMCLAY,EQ,07-06-1999,126.1,125.0,135.0,125.0,126.75,126.75,130.97,400,"52,387.50",-,-,-
SUNDRMCLAY,EQ,08-06-1999,126.75,125.25,130.0,125.0,127.0,127.0,127.5,"1,250","1,59,372.50",-,-,-
SUNDRMCLAY,EQ,09-06-1999,127.0,130.95,135.9,130.95,132.0,132.0,133.41,"1,200","1,60,095.00",-,-,-
SUNDRMCLAY,EQ,10-06-1999,132.0,133.0,135.0,133.0,135.0,135.0,133.22,"5,250","6,99,410.00",-,-,-
SUNDRMCLAY,EQ,11-06-1999,135.0,135.5,136.5,133.0,135.0,135.0,134.91,"1,300","1,75,377.50",-,-,-
SUNDRMCLAY,EQ,14-06-1999,135.0,130.25,131.1,130.25,131.1,131.1,130.85,550,"71,970.00",-,-,-
SUNDRMCLAY,EQ,15-06-1999,131.1,131.0,132.0,130.25,130.45,131.15,130.96,"1,100","1,44,057.50",-,-,-
SUNDRMCLAY,EQ,16-06-1999,131.15,132.5,132.5,132.0,132.0,132.0,132.1,250,"33,025.00",-,-,-
SUNDRMCLAY,EQ,17-06-1999,132.0,130.0,133.95,130.0,133.9,131.7,131.81,450,"59,315.00",-,-,-
SUNDRMCLAY,BE,18-06-1999,120.0,134.0,134.0,134.0,134.0,134.0,134.0,7,938.00,-,-,-
SUNDRMCLAY,EQ,18-06-1999,131.7,131.5,135.0,130.0,135.0,134.6,133.09,"1,650","2,19,602.50",-,-,-
SUNDRMCLAY,EQ,21-06-1999,134.6,132.0,134.0,132.0,132.0,132.0,132.06,"1,600","2,11,300.00",-,-,-
SUNDRMCLAY,EQ,22-06-1999,132.0,131.05,134.0,130.55,131.05,131.75,131.6,"1,200","1,57,925.00",-,-,-
SUNDRMCLAY,EQ,23-06-1999,131.75,133.25,133.5,131.5,131.5,131.5,132.13,300,"39,640.00",-,-,-
SUNDRMCLAY,EQ,24-06-1999,131.5,135.0,136.0,132.0,134.0,134.0,134.21,550,"73,817.50",-,-,-
SUNDRMCLAY,EQ,25-06-1999,134.0,132.0,136.0,132.0,134.05,134.05,134.96,900,"1,21,460.00",-,-,-
SUNDRMCLAY,EQ,28-06-1999,134.05,137.05,137.05,132.05,136.75,136.75,136.23,400,"54,492.50",-,-,-
SUNDRMCLAY,EQ,29-06-1999,136.75,137.0,139.95,135.0,137.0,137.0,137.6,750,"1,03,200.00",-,-,-
SUNDRMCLAY,EQ,30-06-1999,137.0,142.0,147.75,140.0,147.5,147.5,143.71,850,"1,22,157.50",-,-,-
SUNDRMCLAY,EQ,01-07-1999,147.5,147.5,159.0,147.5,159.0,159.0,151.83,"1,400","2,12,557.50",-,-,-
SUNDRMCLAY,EQ,02-07-1999,159.0,158.0,160.0,155.0,159.7,158.7,157.86,"1,550","2,44,685.00",-,-,-
SUNDRMCLAY,EQ,05-07-1999,158.7,160.0,160.0,150.05,150.05,150.25,152.68,700,"1,06,872.50",-,-,-
SUNDRMCLAY,EQ,06-07-1999,150.25,146.0,149.0,145.0,146.0,145.45,146.51,"5,650","8,27,755.00",-,-,-
SUNDRMCLAY,EQ,07-07-1999,145.45,148.25,150.0,146.0,146.95,146.95,149.29,"2,400","3,58,300.00",-,-,-
SUNDRMCLAY,BE,07-07-1999,134.0,155.0,155.0,155.0,155.0,155.0,155.0,4,620.00,-,-,-
SUNDRMCLAY,EQ,08-07-1999,146.95,150.0,158.75,150.0,158.75,158.75,155.06,"2,400","3,72,142.50",-,-,-
SUNDRMCLAY,EQ,09-07-1999,158.75,160.0,171.45,158.2,171.45,171.45,165.71,"2,150","3,56,280.00",-,-,-
SUNDRMCLAY,EQ,12-07-1999,171.45,179.0,185.2,179.0,184.95,184.85,184.85,"3,450","6,37,742.50",-,-,-
SUNDRMCLAY,EQ,13-07-1999,184.85,189.0,189.0,170.1,174.05,178.3,176.07,"3,800","6,69,060.00",-,-,-
SUNDRMCLAY,BE,14-07-1999,155.0,185.0,185.0,185.0,185.0,185.0,185.0,18,"3,330.00",-,-,-
SUNDRMCLAY,EQ,14-07-1999,178.3,182.0,188.0,172.0,179.0,177.5,179.96,"1,850","3,32,930.00",-,-,-
SUNDRMCLAY,EQ,15-07-1999,177.5,175.0,175.0,167.0,175.0,175.0,173.13,"3,350","5,79,970.00",-,-,-
SUNDRMCLAY,BE,16-07-1999,185.0,183.0,185.0,183.0,185.0,185.0,184.0,20,"3,680.00",-,-,-
SUNDRMCLAY,EQ,16-07-1999,175.0,175.0,178.0,175.0,177.0,177.0,175.5,"2,100","3,68,545.00",-,-,-
SUNDRMCLAY,EQ,19-07-1999,177.0,179.45,190.5,179.45,190.5,190.5,186.87,"4,300","8,03,550.00",-,-,-
SUNDRMCLAY,EQ,20-07-1999,190.5,198.0,198.0,187.0,187.0,189.0,190.11,"4,200","7,98,450.00",-,-,-
SUNDRMCLAY,BE,21-07-1999,185.0,196.0,196.0,196.0,196.0,196.0,196.0,14,"2,744.00",-,-,-
SUNDRMCLAY,EQ,21-07-1999,189.0,192.0,204.15,192.0,204.15,204.15,200.14,"5,350","10,70,772.50",-,-,-
SUNDRMCLAY,EQ,22-07-1999,204.15,208.0,214.0,202.0,206.0,206.0,207.12,"5,000","10,35,602.50",-,-,-
SUNDRMCLAY,EQ,23-07-1999,206.0,200.0,213.0,200.0,204.0,204.0,203.33,"6,500","13,21,670.00",-,-,-
SUNDRMCLAY,EQ,26-07-1999,204.0,205.0,209.0,198.0,198.1,200.3,206.88,"9,300","19,23,997.50",-,-,-
SUNDRMCLAY,BE,27-07-1999,196.0,190.0,190.0,186.0,186.0,186.0,186.43,46,"8,576.00",-,-,-
SUNDRMCLAY,EQ,27-07-1999,200.3,192.5,195.0,186.55,189.0,189.0,191.14,"2,550","4,87,417.50",-,-,-
SUNDRMCLAY,EQ,28-07-1999,189.0,191.5,196.4,189.0,190.1,190.1,192.12,"1,750","3,36,210.00",-,-,-
SUNDRMCLAY,EQ,29-07-1999,190.1,194.5,194.5,189.0,189.0,189.0,192.05,"1,250","2,40,057.50",-,-,-
SUNDRMCLAY,EQ,30-07-1999,189.0,185.2,192.9,185.2,192.9,192.2,189.13,"1,050","1,98,587.50",-,-,-
SUNDRMCLAY,EQ,02-08-1999,192.2,203.75,206.0,192.0,200.0,200.2,197.97,"3,850","7,62,202.50",-,-,-
SUNDRMCLAY,BE,02-08-1999,186.0,185.0,185.0,180.0,180.0,180.0,182.97,32,"5,855.00",-,-,-
SUNDRMCLAY,EQ,03-08-1999,200.2,204.0,205.0,198.0,199.1,199.95,200.2,"3,100","6,20,632.50",-,-,-
SUNDRMCLAY,EQ,04-08-1999,199.95,204.5,209.0,204.5,205.0,205.2,206.25,"2,600","5,36,240.00",-,-,-
SUNDRMCLAY,BE,05-08-1999,180.0,200.0,200.0,200.0,200.0,200.0,200.0,66,"13,200.00",-,-,-
SUNDRMCLAY,EQ,05-08-1999,205.2,202.0,203.0,198.5,200.0,200.7,201.12,"1,600","3,21,785.00",-,-,-
SUNDRMCLAY,EQ,06-08-1999,200.7,198.0,201.0,197.55,199.0,199.0,199.24,"2,000","3,98,487.50",-,-,-
SUNDRMCLAY,EQ,09-08-1999,199.0,200.0,214.9,198.0,211.0,211.2,207.09,"4,300","8,90,475.00",-,-,-
SUNDRMCLAY,EQ,10-08-1999,211.2,212.0,228.1,212.0,228.0,228.0,225.65,"4,700","10,60,557.50",-,-,-
SUNDRMCLAY,BE,10-08-1999,200.0,228.0,228.0,228.0,228.0,228.0,228.0,11,"2,508.00",-,-,-
SUNDRMCLAY,EQ,11-08-1999,228.0,235.0,246.25,230.5,246.25,246.25,242.95,"5,000","12,14,772.50",-,-,-
SUNDRMCLAY,BE,11-08-1999,228.0,245.0,245.0,245.0,245.0,245.0,245.0,3,735.00,-,-,-
SUNDRMCLAY,EQ,12-08-1999,246.25,252.0,260.0,250.0,252.75,252.85,254.35,"5,700","14,49,777.50",-,-,-
SUNDRMCLAY,EQ,13-08-1999,252.85,268.0,268.0,254.95,254.95,255.55,256.12,"16,550","42,38,825.00",-,-,-
SUNDRMCLAY,EQ,16-08-1999,255.55,257.0,269.0,243.0,269.0,261.35,256.83,"9,700","24,91,215.00",-,-,-
SUNDRMCLAY,EQ,17-08-1999,261.35,266.0,280.0,265.0,270.0,271.6,273.76,"6,450","17,65,775.00",-,-,-
SUNDRMCLAY,BE,18-08-1999,245.0,290.0,290.0,290.0,290.0,290.0,290.0,30,"8,700.00",-,-,-
SUNDRMCLAY,EQ,18-08-1999,271.6,290.1,290.1,290.1,290.1,290.1,290.1,250,"72,525.00",-,-,-
SUNDRMCLAY,EQ,19-08-1999,290.1,290.1,313.0,290.0,303.0,299.2,301.11,"9,400","28,30,432.50",-,-,-
SUNDRMCLAY,BE,20-08-1999,290.0,290.0,310.0,290.0,310.0,310.0,297.78,18,"5,360.00",-,-,-
SUNDRMCLAY,EQ,20-08-1999,299.2,296.1,300.0,289.0,300.0,299.85,296.61,"2,950","8,75,007.50",-,-,-
SUNDRMCLAY,EQ,23-08-1999,299.85,299.9,302.0,293.0,293.0,293.0,296.42,"3,250","9,63,375.00",-,-,-
SUNDRMCLAY,EQ,24-08-1999,293.0,294.0,297.8,292.75,295.0,294.65,294.55,"1,750","5,15,455.00",-,-,-
SUNDRMCLAY,EQ,25-08-1999,294.65,281.0,294.0,281.0,281.0,281.0,286.54,700,"2,00,580.00",-,-,-
SUNDRMCLAY,EQ,26-08-1999,281.0,288.5,292.0,283.5,283.5,283.75,286.55,"1,550","4,44,147.50",-,-,-
SUNDRMCLAY,EQ,27-08-1999,283.75,272.25,280.0,272.25,280.0,279.5,277.85,250,"69,462.50",-,-,-
SUNDRMCLAY,EQ,30-08-1999,279.5,285.0,301.85,285.0,301.85,301.4,300.5,"11,200","33,65,617.50",-,-,-
SUNDRMCLAY,EQ,31-08-1999,301.4,297.05,300.0,294.5,297.85,296.95,296.98,"3,200","9,50,350.00",-,-,-
SUNDRMCLAY,BE,01-09-1999,310.0,290.0,290.0,290.0,290.0,290.0,290.0,16,"4,640.00",-,-,-
SUNDRMCLAY,EQ,01-09-1999,296.95,300.0,303.95,290.0,295.0,294.5,294.06,"1,750","5,14,602.50",-,-,-
SUNDRMCLAY,EQ,02-09-1999,294.5,294.0,297.0,287.05,287.05,288.65,291.62,"2,400","6,99,877.50",-,-,-
SUNDRMCLAY,EQ,03-09-1999,288.65,280.0,285.0,280.0,284.0,284.65,282.46,"1,350","3,81,327.50",-,-,-
SUNDRMCLAY,BE,03-09-1999,290.0,280.0,280.0,280.0,280.0,280.0,280.0,2,560.00,-,-,-
SUNDRMCLAY,EQ,06-09-1999,284.65,290.0,290.0,283.0,283.25,284.55,288.36,"3,900","11,24,590.00",-,-,-
SUNDRMCLAY,EQ,07-09-1999,284.55,288.0,288.0,280.0,287.95,287.95,285.03,"1,900","5,41,552.50",-,-,-
SUNDRMCLAY,EQ,08-09-1999,287.95,280.0,294.0,280.0,285.05,286.05,287.07,"1,850","5,31,072.50",-,-,-
SUNDRMCLAY,EQ,09-09-1999,286.05,286.0,286.0,278.55,278.55,279.25,281.28,"2,450","6,89,140.00",-,-,-
SUNDRMCLAY,EQ,10-09-1999,279.25,280.5,281.0,277.0,280.0,277.75,279.51,"1,900","5,31,070.00",-,-,-
SUNDRMCLAY,EQ,14-09-1999,277.75,286.0,286.0,261.0,271.85,266.3,269.62,"6,250","16,85,140.00",-,-,-
SUNDRMCLAY,EQ,15-09-1999,266.3,276.5,277.0,267.0,274.0,273.95,270.33,"1,900","5,13,622.50",-,-,-
SUNDRMCLAY,EQ,16-09-1999,273.95,270.0,270.05,264.3,265.5,265.5,268.63,"2,100","5,64,130.00",-,-,-
SUNDRMCLAY,EQ,17-09-1999,265.5,265.1,267.0,260.0,260.0,261.65,262.97,"2,250","5,91,685.00",-,-,-
SUNDRMCLAY,EQ,20-09-1999,261.65,243.25,259.0,243.05,256.5,257.75,252.22,800,"2,01,775.00",-,-,-
SUNDRMCLAY,EQ,21-09-1999,257.75,246.0,255.0,246.0,255.0,250.85,249.77,"1,450","3,62,160.00",-,-,-
SUNDRMCLAY,EQ,22-09-1999,250.85,250.0,250.0,244.0,244.0,244.0,246.67,450,"1,11,000.00",-,-,-
SUNDRMCLAY,EQ,23-09-1999,244.0,240.1,244.9,240.0,244.9,243.45,241.56,750,"1,81,170.00",-,-,-
SUNDRMCLAY,EQ,24-09-1999,243.45,243.0,245.0,240.05,240.05,240.05,242.79,800,"1,94,235.00",-,-,-
SUNDRMCLAY,EQ,27-09-1999,240.05,243.8,251.5,242.0,251.5,250.6,249.15,"6,350","15,82,127.50",-,-,-
SUNDRMCLAY,EQ,28-09-1999,250.6,250.0,252.5,247.0,250.0,249.6,249.63,"2,900","7,23,922.50",-,-,-
SUNDRMCLAY,EQ,29-09-1999,249.6,253.0,255.0,249.0,253.0,251.25,251.33,"1,550","3,89,555.00",-,-,-
SUNDRMCLAY,EQ,30-09-1999,251.25,255.0,255.0,254.9,254.9,254.9,254.97,150,"38,245.00",-,-,-
SUNDRMCLAY,EQ,01-10-1999,254.9,252.0,253.0,249.0,250.0,250.0,250.19,"9,300","23,26,737.50",-,-,-
SUNDRMCLAY,EQ,04-10-1999,250.0,250.0,270.0,250.0,270.0,267.65,257.56,"1,600","4,12,092.50",-,-,-
SUNDRMCLAY,EQ,05-10-1999,267.65,257.5,289.1,257.5,283.0,282.25,280.36,"6,450","18,08,300.00",-,-,-
SUNDRMCLAY,EQ,06-10-1999,282.25,304.0,304.0,286.0,290.0,289.0,290.09,"20,650","59,90,427.50",-,-,-
SUNDRMCLAY,EQ,07-10-1999,289.0,296.9,297.0,283.0,284.05,284.05,288.82,"2,250","6,49,852.50",-,-,-
SUNDRMCLAY,EQ,08-10-1999,284.05,286.0,286.0,271.05,282.95,282.9,280.78,"1,300","3,65,020.00",-,-,-
SUNDRMCLAY,EQ,11-10-1999,282.9,290.0,290.0,276.0,280.5,280.5,281.56,"1,600","4,50,500.00",-,-,-
SUNDRMCLAY,EQ,12-10-1999,280.5,290.0,291.0,272.0,281.05,282.25,282.67,"2,300","6,50,135.00",-,-,-
SUNDRMCLAY,EQ,13-10-1999,282.25,297.0,300.0,280.9,280.9,282.05,290.86,"3,900","11,34,352.50",-,-,-
SUNDRMCLAY,EQ,14-10-1999,282.05,290.0,304.4,284.0,304.4,300.3,299.78,"21,650","64,90,142.50",-,-,-
SUNDRMCLAY,BE,14-10-1999,280.0,280.0,285.0,280.0,285.0,285.0,281.67,48,"13,520.00",-,-,-
SUNDRMCLAY,EQ,15-10-1999,300.3,303.0,306.0,288.0,288.0,288.25,296.89,"2,250","6,67,997.50",-,-,-
SUNDRMCLAY,EQ,18-10-1999,288.25,282.0,289.95,268.0,280.0,273.75,272.88,"3,650","9,96,025.00",-,-,-
SUNDRMCLAY,EQ,20-10-1999,273.75,294.5,295.0,281.1,294.0,291.15,289.17,"4,150","12,00,075.00",-,-,-
SUNDRMCLAY,BE,20-10-1999,285.0,285.0,285.0,285.0,285.0,285.0,285.0,41,"11,685.00",-,-,-
SUNDRMCLAY,EQ,21-10-1999,291.15,288.0,288.0,270.6,273.5,273.65,281.25,"1,050","2,95,315.00",-,-,-
SUNDRMCLAY,BE,21-10-1999,285.0,280.0,285.0,280.0,285.0,285.0,284.02,41,"11,645.00",-,-,-
SUNDRMCLAY,EQ,22-10-1999,273.65,278.0,278.0,268.0,268.0,268.0,275.95,"1,500","4,13,922.50",-,-,-
SUNDRMCLAY,EQ,23-10-1999,268.0,260.0,275.0,260.0,274.0,274.0,271.06,"1,500","4,06,595.00",-,-,-
SUNDRMCLAY,BE,25-10-1999,285.0,275.0,275.0,275.0,275.0,275.0,275.0,30,"8,250.00",-,-,-
SUNDRMCLAY,EQ,25-10-1999,274.0,274.0,295.0,274.0,295.0,289.6,284.5,"5,950","16,92,765.00",-,-,-
SUNDRMCLAY,BE,26-10-1999,275.0,276.5,284.0,276.5,284.0,284.0,283.64,21,"5,956.50",-,-,-
SUNDRMCLAY,EQ,26-10-1999,289.6,290.0,290.0,268.05,268.05,273.35,276.79,"2,200","6,08,937.50",-,-,-
SUNDRMCLAY,EQ,27-10-1999,273.35,272.0,273.5,269.0,269.0,269.0,271.27,800,"2,17,012.50",-,-,-
SUNDRMCLAY,BE,27-10-1999,284.0,270.0,270.0,270.0,270.0,270.0,270.0,6,"1,620.00",-,-,-
SUNDRMCLAY,EQ,28-10-1999,269.0,265.0,265.0,251.3,251.3,251.3,256.14,400,"1,02,457.50",-,-,-
SUNDRMCLAY,EQ,29-10-1999,251.3,243.05,251.0,242.25,245.0,245.0,246.29,650,"1,60,090.00",-,-,-
SUNDRMCLAY,EQ,01-11-1999,245.0,248.75,256.95,239.0,240.0,239.75,244.15,"1,150","2,80,772.50",-,-,-
SUNDRMCLAY,BE,01-11-1999,270.0,248.0,248.0,248.0,248.0,248.0,248.0,10,"2,480.00",-,-,-
SUNDRMCLAY,BE,02-11-1999,248.0,225.0,225.0,225.0,225.0,225.0,225.0,16,"3,600.00",-,-,-
SUNDRMCLAY,EQ,02-11-1999,239.75,235.1,248.9,235.0,248.9,244.9,239.57,750,"1,79,677.50",-,-,-
SUNDRMCLAY,EQ,03-11-1999,244.9,255.0,255.0,242.5,249.0,249.0,249.23,550,"1,37,075.00",-,-,-
SUNDRMCLAY,EQ,04-11-1999,249.0,252.0,260.5,252.0,260.0,260.25,258.38,750,"1,93,782.50",-,-,-
SUNDRMCLAY,EQ,05-11-1999,260.25,274.9,280.0,271.0,271.0,271.0,276.94,"2,450","6,78,510.00",-,-,-
SUNDRMCLAY,EQ,07-11-1999,271.0,258.05,258.05,258.0,258.0,258.0,258.03,100,"25,802.50",-,-,-
SUNDRMCLAY,EQ,09-11-1999,258.0,276.75,278.65,276.75,278.65,278.65,277.96,"2,300","6,39,302.50",-,-,-
SUNDRMCLAY,EQ,10-11-1999,278.65,289.5,300.95,289.5,300.9,300.9,299.09,"3,750","11,21,585.00",-,-,-
SUNDRMCLAY,EQ,11-11-1999,300.9,299.0,307.0,293.0,306.0,303.6,302.87,"5,050","15,29,505.00",-,-,-
SUNDRMCLAY,EQ,12-11-1999,303.6,310.0,325.0,290.0,290.0,290.5,310.57,"4,150","12,88,845.00",-,-,-
SUNDRMCLAY,EQ,15-11-1999,290.5,291.1,312.0,290.05,310.0,303.7,301.83,"13,450","40,59,597.50",-,-,-
SUNDRMCLAY,EQ,16-11-1999,303.7,291.0,327.0,290.0,325.0,317.3,309.62,"26,850","83,13,170.00",-,-,-
SUNDRMCLAY,BE,17-11-1999,225.0,316.0,325.0,316.0,320.0,320.0,321.43,42,"13,500.00",-,-,-
SUNDRMCLAY,EQ,17-11-1999,317.3,323.0,340.0,299.0,340.0,340.0,328.93,"18,100","59,53,550.00",-,-,-
SUNDRMCLAY,EQ,18-11-1999,340.0,335.0,360.0,321.0,360.0,354.95,347.2,"19,450","67,53,070.00",-,-,-
SUNDRMCLAY,BE,18-11-1999,320.0,325.0,350.0,325.0,350.0,347.95,344.57,177,"60,989.50",-,-,-
SUNDRMCLAY,EQ,19-11-1999,354.95,375.0,380.0,345.15,380.0,373.65,371.07,"20,650","76,62,670.00",-,-,-
SUNDRMCLAY,BE,19-11-1999,347.95,350.0,380.0,350.0,380.0,374.85,373.14,145,"54,105.00",-,-,-
SUNDRMCLAY,EQ,22-11-1999,373.65,370.0,370.0,345.0,345.0,354.85,359.6,"7,600","27,32,962.50",-,-,-
SUNDRMCLAY,BE,22-11-1999,374.85,380.0,380.0,380.0,380.0,380.0,380.0,100,"38,000.00",-,-,-
SUNDRMCLAY,EQ,24-11-1999,354.85,380.0,380.0,347.1,349.5,348.75,356.33,"2,150","7,66,100.00",-,-,-
SUNDRMCLAY,BE,24-11-1999,380.0,350.25,350.25,350.25,350.25,350.25,350.25,25,"8,756.25",-,-,-
SUNDRMCLAY,BE,25-11-1999,350.25,350.0,350.0,350.0,350.0,350.0,350.0,10,"3,500.00",-,-,-
SUNDRMCLAY,EQ,25-11-1999,348.75,350.0,350.0,321.05,321.05,322.85,334.34,"1,670","5,58,340.00",-,-,-
SUNDRMCLAY,EQ,26-11-1999,322.85,311.0,323.0,297.3,304.95,304.5,303.31,"2,528","7,66,765.15",-,-,-
SUNDRMCLAY,EQ,29-11-1999,304.5,300.0,308.0,295.0,302.0,302.0,303.52,501,"1,52,064.95",-,-,-
SUNDRMCLAY,EQ,30-11-1999,302.0,300.0,303.0,295.0,295.55,297.8,299.81,"1,163","3,48,681.65",-,-,-
SUNDRMCLAY,EQ,01-12-1999,297.8,300.0,305.0,298.0,300.1,300.1,299.86,336,"1,00,754.40",-,-,-
SUNDRMCLAY,EQ,02-12-1999,300.1,295.0,305.0,295.0,305.0,305.0,297.85,176,"52,421.60",-,-,-
SUNDRMCLAY,EQ,03-12-1999,305.0,296.0,302.0,295.0,301.5,301.5,299.98,497,"1,49,090.40",-,-,-
SUNDRMCLAY,EQ,06-12-1999,301.5,290.0,312.0,290.0,310.0,310.1,309.39,"4,324","13,37,814.70",-,-,-
SUNDRMCLAY,EQ,07-12-1999,310.1,320.0,322.0,295.0,310.0,310.0,316.47,"1,15,408","3,65,23,512.60",-,-,-
SUNDRMCLAY,EQ,08-12-1999,310.0,313.0,323.0,300.0,300.0,300.0,306.89,635,"1,94,878.00",-,-,-
SUNDRMCLAY,EQ,09-12-1999,300.0,291.1,295.0,276.0,295.0,293.5,279.08,"9,009","25,14,203.40",-,-,-
SUNDRMCLAY,EQ,10-12-1999,293.5,306.0,306.0,288.0,289.0,289.0,292.58,835,"2,44,307.50",-,-,-
SUNDRMCLAY,EQ,13-12-1999,289.0,300.0,300.0,283.0,300.0,300.0,296.59,"4,840","14,35,506.00",-,-,-
SUNDRMCLAY,EQ,14-12-1999,300.0,293.0,301.0,282.0,286.0,285.3,289.3,"3,348","9,68,563.00",-,-,-
SUNDRMCLAY,EQ,15-12-1999,285.3,294.0,300.0,292.0,300.0,297.85,294.72,"2,595","7,64,789.50",-,-,-
SUNDRMCLAY,EQ,16-12-1999,297.85,305.0,316.5,292.0,303.95,298.9,299.24,"5,848","17,49,932.50",-,-,-
SUNDRMCLAY,EQ,17-12-1999,298.9,313.0,322.0,298.0,322.0,321.25,311.06,"4,564","14,19,655.50",-,-,-
SUNDRMCLAY,EQ,20-12-1999,321.25,345.0,346.95,340.0,346.0,346.5,343.97,"2,980","10,25,016.95",-,-,-
SUNDRMCLAY,EQ,21-12-1999,346.5,346.0,349.0,335.0,335.0,336.25,340.15,"3,451","11,73,844.95",-,-,-
SUNDRMCLAY,EQ,22-12-1999,336.25,350.0,363.15,337.05,362.0,362.05,354.83,"3,497","12,40,831.10",-,-,-
SUNDRMCLAY,EQ,23-12-1999,362.05,370.0,370.0,351.0,351.1,357.3,363.07,389,"1,41,235.20",-,-,-
SUNDRMCLAY,EQ,24-12-1999,357.3,335.25,360.0,335.0,360.0,360.0,359.6,"82,508","2,96,69,718.50",-,-,-
SUNDRMCLAY,EQ,27-12-1999,360.0,360.0,380.0,360.0,380.0,375.05,376.39,"21,035","79,17,343.05",-,-,-
SUNDRMCLAY,EQ,28-12-1999,375.05,369.0,375.0,352.0,368.75,368.75,374.31,"76,528","2,86,45,086.00",-,-,-
SUNDRMCLAY,EQ,29-12-1999,368.75,352.0,364.75,352.0,361.95,360.6,353.7,"1,388","4,90,942.00",-,-,-
SUNDRMCLAY,EQ,30-12-1999,360.6,365.0,365.0,360.0,360.0,361.85,361.42,695,"2,51,185.00",-,-,-
SUNDRMCLAY,EQ,03-01-2000,361.85,363.0,370.0,358.0,360.0,359.85,364.43,"3,167","11,54,161.00",-,-,-
SUNDRMCLAY,EQ,04-01-2000,359.85,355.0,369.95,342.5,369.95,366.1,361.36,"4,019","14,52,310.10",-,-,-
SUNDRMCLAY,EQ,05-01-2000,366.1,368.0,368.0,354.1,358.0,356.4,356.5,"1,785","6,36,344.15",-,-,-
SUNDRMCLAY,EQ,06-01-2000,356.4,335.0,365.0,335.0,355.05,361.5,356.54,"1,150","4,10,026.15",-,-,-
SUNDRMCLAY,EQ,07-01-2000,361.5,355.0,356.0,345.0,356.0,353.7,352.35,"1,164","4,10,138.50",-,-,-
SUNDRMCLAY,EQ,10-01-2000,353.7,351.0,370.0,351.0,365.0,366.25,363.5,"1,024","3,72,228.95",-,-,-
SUNDRMCLAY,EQ,11-01-2000,366.25,360.1,360.1,350.0,355.0,351.85,356.43,"12,363","44,06,504.95",-,-,-
SUNDRMCLAY,EQ,12-01-2000,351.85,360.0,360.0,355.0,355.6,355.6,357.41,"1,245","4,44,981.35",-,-,-
SUNDRMCLAY,EQ,13-01-2000,355.6,329.0,365.0,329.0,355.0,355.0,354.51,"1,170","4,14,773.00",-,-,-
SUNDRMCLAY,EQ,14-01-2000,355.0,347.0,358.0,347.0,358.0,358.0,349.21,251,"87,651.25",-,-,-
SUNDRMCLAY,EQ,17-01-2000,358.0,335.0,370.0,335.0,361.1,361.1,368.07,"11,170","41,11,350.40",-,-,-
SUNDRMCLAY,EQ,18-01-2000,361.1,356.0,359.0,355.0,356.05,356.85,357.28,"2,890","10,32,550.30",-,-,-
SUNDRMCLAY,EQ,19-01-2000,356.85,360.25,365.0,355.0,362.0,362.75,360.38,"1,826","6,58,052.10",-,-,-
SUNDRMCLAY,EQ,20-01-2000,362.75,369.0,385.0,367.0,385.0,385.0,381.02,"7,716","29,39,966.25",-,-,-
SUNDRMCLAY,EQ,21-01-2000,385.0,380.0,380.0,372.0,380.0,378.25,376.34,928,"3,49,248.00",-,-,-
SUNDRMCLAY,EQ,24-01-2000,378.25,365.0,380.0,365.0,369.0,369.35,371.86,"1,375","5,11,312.50",-,-,-
SUNDRMCLAY,EQ,25-01-2000,369.35,380.0,380.0,360.0,362.25,363.0,362.9,"1,181","4,28,586.25",-,-,-
SUNDRMCLAY,EQ,27-01-2000,363.0,365.0,365.0,350.0,350.0,350.0,357.68,"1,413","5,05,405.05",-,-,-
SUNDRMCLAY,EQ,28-01-2000,350.0,359.0,359.0,344.0,350.0,350.0,348.48,"1,265","4,40,827.00",-,-,-
SUNDRMCLAY,EQ,31-01-2000,350.0,352.0,352.0,336.0,337.0,337.05,338.18,"1,070","3,61,847.75",-,-,-
SUNDRMCLAY,EQ,01-02-2000,337.05,336.2,345.0,330.0,342.5,335.9,336.24,669,"2,24,943.50",-,-,-
SUNDRMCLAY,EQ,02-02-2000,335.9,338.0,347.0,336.0,336.0,336.5,338.03,719,"2,43,045.50",-,-,-
SUNDRMCLAY,EQ,03-02-2000,336.5,336.05,345.0,326.0,343.0,331.2,334.78,208,"69,634.00",-,-,-
SUNDRMCLAY,EQ,04-02-2000,331.2,331.5,345.0,331.0,345.0,345.0,340.65,601,"2,04,730.60",-,-,-
SUNDRMCLAY,EQ,07-02-2000,345.0,337.1,337.1,320.0,320.0,320.0,324.62,566,"1,83,733.70",-,-,-
SUNDRMCLAY,EQ,08-02-2000,320.0,320.0,320.0,302.0,314.9,307.2,315.93,758,"2,39,475.50",-,-,-
SUNDRMCLAY,EQ,09-02-2000,307.2,310.0,310.05,302.2,310.0,309.5,309.25,643,"1,98,848.50",-,-,-
SUNDRMCLAY,EQ,10-02-2000,309.5,315.0,332.0,307.0,332.0,332.0,327.66,"1,404","4,60,041.50",-,-,-
SUNDRMCLAY,EQ,11-02-2000,332.0,310.05,320.0,310.05,310.5,310.5,314.61,223,"70,158.65",-,-,-
SUNDRMCLAY,EQ,14-02-2000,310.5,305.0,305.0,291.0,291.0,291.0,295.3,186,"54,926.00",-,-,-
SUNDRMCLAY,EQ,15-02-2000,291.0,285.0,299.0,282.0,283.0,288.1,285.43,"2,169","6,19,105.00",-,-,-
SUNDRMCLAY,EQ,16-02-2000,288.1,285.0,290.0,270.0,285.0,289.5,286.66,475,"1,36,163.00",-,-,-
SUNDRMCLAY,EQ,17-02-2000,289.5,285.0,312.2,285.0,304.0,304.0,302.83,"1,612","4,88,159.50",-,-,-
SUNDRMCLAY,EQ,18-02-2000,304.0,320.0,320.0,310.0,313.95,313.95,311.06,"1,125","3,49,945.30",-,-,-
SUNDRMCLAY,EQ,21-02-2000,313.95,310.0,337.0,310.0,313.0,313.2,328.31,"1,967","6,45,779.50",-,-,-
SUNDRMCLAY,EQ,22-02-2000,313.2,311.0,320.0,302.0,302.0,311.55,308.37,"5,354","16,50,997.00",-,-,-
SUNDRMCLAY,EQ,23-02-2000,311.55,320.0,320.0,310.0,310.0,310.0,313.78,810,"2,54,161.00",-,-,-
SUNDRMCLAY,EQ,24-02-2000,310.0,310.0,332.0,290.0,332.0,321.1,307.71,"4,082","12,56,081.90",-,-,-
SUNDRMCLAY,EQ,25-02-2000,321.1,311.0,340.0,310.0,315.0,314.9,326.34,"20,746","67,70,316.25",-,-,-
SUNDRMCLAY,EQ,28-02-2000,314.9,300.0,310.0,297.0,297.0,297.0,303.04,613,"1,85,764.50",-,-,-
SUNDRMCLAY,EQ,29-02-2000,297.0,290.0,315.0,290.0,300.0,300.25,303.89,443,"1,34,624.65",-,-,-
SUNDRMCLAY,EQ,01-03-2000,300.25,300.0,300.0,299.0,300.0,299.9,299.92,120,"35,990.00",-,-,-
SUNDRMCLAY,EQ,02-03-2000,299.9,300.0,302.0,285.0,286.25,286.25,296.45,145,"42,985.05",-,-,-
SUNDRMCLAY,EQ,03-03-2000,286.25,295.0,295.0,270.0,280.0,275.45,279.33,230,"64,246.00",-,-,-
SUNDRMCLAY,EQ,06-03-2000,275.45,283.0,283.0,255.0,279.0,259.95,262.63,97,"25,474.70",-,-,-
SUNDRMCLAY,EQ,07-03-2000,259.95,251.0,268.0,240.0,268.0,248.65,250.32,351,"87,861.75",-,-,-
SUNDRMCLAY,EQ,08-03-2000,248.65,257.75,257.75,229.0,229.0,229.0,231.35,434,"1,00,406.00",-,-,-
SUNDRMCLAY,EQ,09-03-2000,229.0,218.0,225.0,218.0,225.0,225.0,222.14,384,"85,303.40",-,-,-
SUNDRMCLAY,EQ,10-03-2000,225.0,225.0,236.0,225.0,235.0,235.0,229.76,188,"43,195.80",-,-,-
SUNDRMCLAY,EQ,13-03-2000,235.0,223.05,235.0,221.0,222.5,222.5,225.65,190,"42,874.30",-,-,-
SUNDRMCLAY,EQ,14-03-2000,222.5,220.15,227.0,220.15,227.0,227.0,222.99,92,"20,515.50",-,-,-
SUNDRMCLAY,EQ,15-03-2000,227.0,231.05,240.0,226.0,240.0,240.0,231.58,938,"2,17,220.00",-,-,-
SUNDRMCLAY,EQ,16-03-2000,240.0,240.0,240.0,231.0,235.0,235.0,232.82,71,"16,530.00",-,-,-
SUNDRMCLAY,EQ,21-03-2000,235.0,240.0,244.9,240.0,244.9,244.9,242.5,51,"12,367.40",-,-,-
SUNDRMCLAY,BE,27-03-2000,244.9,245.0,245.0,245.0,245.0,245.0,245.0,32,"7,840.00",-,-,-
SUNDRMCLAY,BE,28-03-2000,245.0,240.0,240.0,240.0,240.0,240.0,240.0,650,"1,56,000.00",-,-,-
SUNDRMCLAY,BE,29-03-2000,240.0,242.5,242.5,239.95,239.95,239.95,241.02,718,"1,73,050.00",-,-,-
SUNDRMCLAY,BE,07-04-2000,239.95,225.4,225.4,225.4,225.4,225.4,225.4,5,"1,127.00",-,-,-
SUNDRMCLAY,BE,10-04-2000,225.4,225.0,226.0,215.0,216.05,220.5,220.38,672,"1,48,096.50",-,-,-
SUNDRMCLAY,BE,11-04-2000,220.5,218.1,233.0,216.0,225.0,225.85,227.02,525,"1,19,186.50",-,-,-
SUNDRMCLAY,BE,12-04-2000,225.85,235.0,235.0,220.0,220.0,220.0,224.18,182,"40,800.00",-,-,-
SUNDRMCLAY,BE,13-04-2000,220.0,205.0,225.0,205.0,220.0,220.0,219.37,352,"77,216.50",-,-,-
SUNDRMCLAY,BE,17-04-2000,220.0,205.0,224.0,204.0,220.0,220.0,204.81,313,"64,104.00",-,-,-
SUNDRMCLAY,BE,18-04-2000,220.0,220.0,220.0,204.0,215.0,215.0,210.61,147,"30,959.00",-,-,-
SUNDRMCLAY,BE,19-04-2000,215.0,207.0,207.0,207.0,207.0,207.0,207.0,132,"27,324.00",-,-,-
SUNDRMCLAY,BE,20-04-2000,207.0,202.0,204.0,198.0,198.0,198.0,200.83,161,"32,334.25",-,-,-
SUNDRMCLAY,BE,24-04-2000,198.0,198.0,210.0,198.0,210.0,209.05,202.39,191,"38,657.25",-,-,-
SUNDRMCLAY,BE,25-04-2000,209.05,208.0,209.5,208.0,209.5,209.5,209.42,200,"41,883.50",-,-,-
SUNDRMCLAY,BE,26-04-2000,209.5,202.0,208.0,202.0,202.0,205.2,204.49,189,"38,648.00",-,-,-
SUNDRMCLAY,BE,27-04-2000,205.2,198.0,215.0,198.0,198.0,198.0,199.46,304,"60,635.50",-,-,-
SUNDRMCLAY,BE,28-04-2000,198.0,194.0,209.0,190.0,208.0,205.45,199.47,225,"44,880.00",-,-,-
SUNDRMCLAY,BE,02-05-2000,205.45,198.0,200.0,190.0,200.0,200.0,197.69,65,"12,850.00",-,-,-
SUNDRMCLAY,BE,03-05-2000,200.0,190.0,190.0,184.0,184.0,184.0,188.07,81,"15,234.00",-,-,-
SUNDRMCLAY,BE,04-05-2000,184.0,195.0,195.0,195.0,195.0,195.0,195.0,3,585.00,-,-,-
SUNDRMCLAY,BE,05-05-2000,195.0,190.0,190.0,189.0,189.0,189.0,189.72,180,"34,150.00",-,-,-
SUNDRMCLAY,BE,08-05-2000,189.0,181.0,181.0,181.0,181.0,181.0,181.0,8,"1,448.00",-,-,-
SUNDRMCLAY,BE,09-05-2000,181.0,166.6,184.0,166.55,171.0,173.4,172.27,786,"1,35,407.00",-,-,-
SUNDRMCLAY,BE,10-05-2000,173.4,187.3,187.3,160.0,180.0,180.0,166.7,"1,002","1,67,034.80",-,-,-
SUNDRMCLAY,BE,11-05-2000,180.0,167.25,179.5,166.05,179.5,179.5,167.22,42,"7,023.30",-,-,-
SUNDRMCLAY,BE,12-05-2000,179.5,166.05,166.05,165.5,165.5,165.5,165.6,342,"56,634.00",-,-,-
SUNDRMCLAY,BE,15-05-2000,165.5,175.0,175.0,155.0,155.0,155.0,169.81,135,"22,925.00",-,-,-
SUNDRMCLAY,BE,16-05-2000,155.0,155.0,165.0,145.0,145.0,146.4,155.19,260,"40,350.00",-,-,-
SUNDRMCLAY,BE,17-05-2000,146.4,150.0,150.0,141.0,141.0,141.0,142.81,665,"94,970.55",-,-,-
SUNDRMCLAY,BE,22-05-2000,141.0,150.0,150.0,141.0,149.95,149.95,144.57,227,"32,817.10",-,-,-
SUNDRMCLAY,BE,23-05-2000,149.95,149.95,149.95,149.95,149.95,149.95,149.95,10,"1,499.50",-,-,-
SUNDRMCLAY,BE,26-05-2000,149.95,150.0,150.0,141.0,148.0,148.0,145.52,352,"51,221.70",-,-,-
SUNDRMCLAY,BE,29-05-2000,148.0,145.05,147.0,141.25,145.0,145.0,145.74,625,"91,088.40",-,-,-
SUNDRMCLAY,BE,30-05-2000,145.0,135.0,147.0,135.0,139.0,140.1,140.84,808,"1,13,796.00",-,-,-
SUNDRMCLAY,BE,31-05-2000,140.1,141.0,142.0,141.0,142.0,142.0,141.69,327,"46,334.00",-,-,-
SUNDRMCLAY,BE,01-06-2000,142.0,142.5,150.0,142.0,150.0,150.0,144.37,219,"31,618.00",-,-,-
SUNDRMCLAY,BE,02-06-2000,150.0,150.0,159.75,150.0,159.75,157.95,154.14,246,"37,919.00",-,-,-
SUNDRMCLAY,BE,05-06-2000,157.95,160.0,160.0,150.0,150.0,150.35,155.37,530,"82,347.00",-,-,-
SUNDRMCLAY,BE,06-06-2000,150.35,150.0,150.0,143.0,143.0,143.25,146.21,204,"29,827.00",-,-,-
SUNDRMCLAY,BE,07-06-2000,143.25,148.0,148.0,142.0,142.0,142.0,144.5,605,"87,425.00",-,-,-
SUNDRMCLAY,BE,08-06-2000,142.0,140.1,148.0,140.0,147.0,140.85,140.66,"1,650","2,32,091.00",-,-,-
SUNDRMCLAY,BE,09-06-2000,140.85,140.1,141.0,138.1,140.0,140.0,139.98,"1,750","2,44,957.50",-,-,-
SUNDRMCLAY,BE,12-06-2000,140.0,140.0,140.5,140.0,140.0,140.0,140.13,"1,696","2,37,660.00",-,-,-
SUNDRMCLAY,BE,13-06-2000,140.0,135.05,147.0,132.1,140.0,140.0,139.79,700,"97,853.35",-,-,-
SUNDRMCLAY,BE,14-06-2000,140.0,136.0,140.0,136.0,140.0,140.0,138.0,200,"27,600.00",-,-,-
SUNDRMCLAY,BE,15-06-2000,140.0,145.0,145.0,138.1,138.1,138.1,140.17,116,"16,259.60",-,-,-
SUNDRMCLAY,BE,16-06-2000,138.1,135.0,145.0,135.0,140.0,140.0,139.28,468,"65,184.45",-,-,-
SUNDRMCLAY,BE,19-06-2000,140.0,140.0,141.0,135.15,141.0,141.0,138.1,237,"32,730.00",-,-,-
SUNDRMCLAY,BE,20-06-2000,141.0,142.0,145.0,142.0,145.0,145.0,143.36,42,"6,021.25",-,-,-
SUNDRMCLAY,BE,21-06-2000,145.0,149.75,149.75,147.0,147.0,147.0,149.24,75,"11,192.75",-,-,-
SUNDRMCLAY,BE,22-06-2000,147.0,149.75,149.75,145.0,145.0,145.0,149.44,385,"57,535.00",-,-,-
SUNDRMCLAY,BE,26-06-2000,145.0,145.0,145.0,145.0,145.0,145.0,145.0,77,"11,165.00",-,-,-
SUNDRMCLAY,BE,27-06-2000,145.0,149.9,150.0,142.0,150.0,150.0,147.15,"1,180","1,73,639.10",-,-,-
SUNDRMCLAY,BE,28-06-2000,150.0,149.75,149.75,149.75,149.75,149.75,149.75,100,"14,975.00",-,-,-
SUNDRMCLAY,BE,29-06-2000,149.75,145.05,149.0,145.05,149.0,149.0,146.89,125,"18,361.80",-,-,-
SUNDRMCLAY,BE,30-06-2000,149.0,142.05,148.0,140.3,140.3,140.3,144.14,214,"30,845.60",-,-,-
SUNDRMCLAY,BE,03-07-2000,140.3,148.0,148.0,140.05,140.05,140.05,145.35,300,"43,605.00",-,-,-
SUNDRMCLAY,BE,04-07-2000,140.05,142.5,150.0,142.5,149.25,149.25,146.06,377,"55,063.75",-,-,-
SUNDRMCLAY,BE,05-07-2000,149.25,137.4,154.0,137.4,153.0,152.95,149.38,"5,754","8,59,511.50",-,-,-
SUNDRMCLAY,BE,06-07-2000,152.95,155.0,160.0,149.0,160.0,160.0,156.08,"5,209","8,13,021.00",-,-,-
SUNDRMCLAY,BE,07-07-2000,160.0,169.0,170.0,166.0,169.0,170.0,169.38,"1,214","2,05,624.00",-,-,-
SUNDRMCLAY,BE,10-07-2000,170.0,170.05,175.1,161.75,175.0,175.0,170.64,"3,457","5,89,906.25",-,-,-
SUNDRMCLAY,BE,11-07-2000,175.0,168.0,180.0,167.9,180.0,180.0,178.45,"13,916","24,83,370.90",-,-,-
SUNDRMCLAY,BE,12-07-2000,180.0,165.7,173.0,165.7,166.0,168.15,168.36,300,"50,508.35",-,-,-
SUNDRMCLAY,BE,13-07-2000,168.15,158.05,181.6,158.05,180.0,180.2,179.06,"1,891","3,38,593.40",-,-,-
SUNDRMCLAY,BE,14-07-2000,180.2,175.05,185.0,175.0,185.0,184.0,179.93,854,"1,53,663.20",-,-,-
SUNDRMCLAY,BE,17-07-2000,184.0,190.05,193.85,184.9,193.0,190.9,189.56,"2,982","5,65,265.40",-,-,-
SUNDRMCLAY,BE,18-07-2000,190.9,192.0,200.0,190.0,200.0,200.0,198.3,"15,333","30,40,508.15",-,-,-
SUNDRMCLAY,BE,19-07-2000,200.0,200.0,210.0,200.0,204.0,204.05,207.18,"22,919","47,48,288.25",-,-,-
SUNDRMCLAY,BE,20-07-2000,204.05,191.05,191.05,187.75,190.0,190.0,190.52,218,"41,532.75",-,-,-
SUNDRMCLAY,BE,21-07-2000,190.0,192.0,195.0,192.0,195.0,194.2,193.61,135,"26,138.00",-,-,-
SUNDRMCLAY,BE,24-07-2000,194.2,180.0,180.0,179.0,179.0,179.0,179.72,85,"15,276.00",-,-,-
SUNDRMCLAY,BE,25-07-2000,179.0,167.0,167.0,167.0,167.0,167.0,167.0,34,"5,678.00",-,-,-
SUNDRMCLAY,BE,26-07-2000,167.0,165.05,168.0,160.1,168.0,161.15,163.53,279,"45,624.45",-,-,-
SUNDRMCLAY,BE,27-07-2000,161.15,171.0,174.05,161.0,161.0,161.0,168.35,277,"46,632.05",-,-,-
SUNDRMCLAY,BE,28-07-2000,161.0,166.0,166.0,163.0,163.0,163.0,165.26,31,"5,123.00",-,-,-
SUNDRMCLAY,BE,31-07-2000,163.0,168.0,168.0,162.1,162.1,162.7,163.57,310,"50,707.90",-,-,-
SUNDRMCLAY,BE,01-08-2000,162.7,163.0,165.0,155.1,155.1,155.1,161.78,421,"68,108.85",-,-,-
SUNDRMCLAY,BE,03-08-2000,155.1,155.0,166.0,155.0,166.0,166.0,162.86,49,"7,980.00",-,-,-
SUNDRMCLAY,BE,04-08-2000,166.0,165.0,178.0,155.0,160.0,160.0,159.42,"12,779","20,37,226.00",-,-,-
SUNDRMCLAY,BE,07-08-2000,160.0,160.0,160.0,155.0,160.0,160.0,159.77,"1,405","2,24,479.00",-,-,-
SUNDRMCLAY,BE,08-08-2000,160.0,155.0,159.0,148.0,148.0,148.0,153.9,"3,528","5,42,964.00",-,-,-
SUNDRMCLAY,BE,09-08-2000,148.0,150.0,150.0,150.0,150.0,150.0,150.0,20,"3,000.00",-,-,-
SUNDRMCLAY,BE,10-08-2000,150.0,147.0,147.0,147.0,147.0,147.0,147.0,2,294.00,-,-,-
SUNDRMCLAY,BE,11-08-2000,147.0,151.25,151.25,151.1,151.1,151.1,151.17,51,"7,709.85",-,-,-
SUNDRMCLAY,BE,14-08-2000,151.1,160.0,160.0,152.0,152.0,152.0,153.31,122,"18,704.00",-,-,-
SUNDRMCLAY,BE,16-08-2000,152.0,152.2,158.5,150.0,158.5,158.5,155.32,"2,150","3,33,938.40",-,-,-
SUNDRMCLAY,BE,17-08-2000,158.5,162.0,162.0,146.0,146.0,146.0,151.33,3,454.00,-,-,-
SUNDRMCLAY,BE,18-08-2000,146.0,152.0,156.5,152.0,156.5,156.5,154.01,"4,015","6,18,347.50",-,-,-
SUNDRMCLAY,BE,21-08-2000,156.5,152.0,152.0,152.0,152.0,152.0,152.0,132,"20,064.00",-,-,-
SUNDRMCLAY,BE,22-08-2000,152.0,146.1,155.0,146.1,155.0,155.0,151.11,151,"22,818.05",-,-,-
SUNDRMCLAY,BE,23-08-2000,155.0,166.0,166.0,151.0,151.0,151.0,154.46,140,"21,625.00",-,-,-
SUNDRMCLAY,BE,24-08-2000,151.0,145.0,145.0,141.0,141.0,142.7,142.76,472,"67,382.00",-,-,-
SUNDRMCLAY,BE,25-08-2000,142.7,149.0,150.0,148.0,150.0,150.0,148.97,177,"26,368.00",-,-,-
SUNDRMCLAY,BE,28-08-2000,150.0,143.0,147.0,143.0,147.0,147.0,146.87,125,"18,359.00",-,-,-
SUNDRMCLAY,BE,29-08-2000,147.0,150.0,150.0,147.0,147.0,147.0,148.27,579,"85,848.00",-,-,-
SUNDRMCLAY,BE,30-08-2000,147.0,147.0,147.0,140.9,142.0,142.3,144.93,207,"30,000.80",-,-,-
SUNDRMCLAY,BE,31-08-2000,142.3,141.0,141.0,139.0,139.0,139.0,140.62,173,"24,327.50",-,-,-
SUNDRMCLAY,BE,04-09-2000,139.0,134.0,140.0,132.0,132.0,133.15,134.19,"1,167","1,56,601.50",-,-,-
SUNDRMCLAY,BE,05-09-2000,133.15,143.0,143.8,141.0,143.25,143.55,143.19,"1,314","1,88,147.75",-,-,-
SUNDRMCLAY,BE,06-09-2000,143.55,150.0,155.0,146.25,155.0,155.0,150.8,"1,078","1,62,564.10",-,-,-
SUNDRMCLAY,BE,07-09-2000,155.0,157.0,157.0,149.0,155.0,155.0,153.99,795,"1,22,421.00",-,-,-
SUNDRMCLAY,BE,08-09-2000,155.0,154.0,154.0,147.55,147.55,147.55,151.27,475,"71,852.50",-,-,-
SUNDRMCLAY,BE,11-09-2000,147.55,157.4,157.4,140.2,149.4,144.8,151.77,361,"54,787.60",-,-,-
SUNDRMCLAY,BE,12-09-2000,144.8,153.35,153.35,145.2,146.3,146.3,149.62,530,"79,301.00",-,-,-
SUNDRMCLAY,BE,13-09-2000,146.3,150.1,153.95,146.1,146.1,146.1,148.41,415,"61,589.05",-,-,-
SUNDRMCLAY,BE,14-09-2000,146.1,147.0,157.0,146.25,157.0,157.0,150.52,"1,777","2,67,479.95",-,-,-
SUNDRMCLAY,BE,15-09-2000,157.0,165.0,169.0,151.0,169.0,164.85,165.05,"1,560","2,57,470.60",-,-,-
SUNDRMCLAY,BE,18-09-2000,164.85,165.0,178.0,160.0,178.0,177.9,175.55,"5,123","8,99,335.05",-,-,-
SUNDRMCLAY,BE,19-09-2000,177.9,169.0,170.0,169.0,170.0,170.0,169.92,856,"1,45,453.00",-,-,-
SUNDRMCLAY,BE,20-09-2000,170.0,170.0,170.0,156.4,159.0,157.95,162.74,455,"74,047.50",-,-,-
SUNDRMCLAY,BE,21-09-2000,157.95,169.0,170.0,155.1,155.1,155.1,167.49,730,"1,22,268.20",-,-,-
SUNDRMCLAY,BE,22-09-2000,155.1,152.1,165.0,152.1,165.0,165.0,159.39,"1,517","2,41,795.10",-,-,-
SUNDRMCLAY,BE,25-09-2000,165.0,152.0,178.0,151.8,178.0,178.0,164.46,408,"67,100.40",-,-,-
SUNDRMCLAY,BE,26-09-2000,178.0,172.25,183.0,172.25,183.0,182.8,180.62,"2,721","4,91,477.50",-,-,-
SUNDRMCLAY,BE,27-09-2000,182.8,169.0,183.0,169.0,183.0,183.0,178.77,"2,816","5,03,408.15",-,-,-
SUNDRMCLAY,BE,28-09-2000,183.0,168.6,175.0,168.6,175.0,175.0,173.07,42,"7,269.00",-,-,-
SUNDRMCLAY,BE,29-09-2000,175.0,161.5,175.0,161.5,166.0,166.0,170.71,528,"90,134.00",-,-,-
SUNDRMCLAY,BE,03-10-2000,166.0,155.0,179.3,155.0,170.0,170.0,162.85,567,"92,336.20",-,-,-
SUNDRMCLAY,BE,04-10-2000,170.0,175.0,183.25,175.0,180.0,177.05,180.09,391,"70,413.35",-,-,-
SUNDRMCLAY,BE,05-10-2000,177.05,166.0,173.0,163.1,165.0,165.1,164.89,755,"1,24,489.80",-,-,-
SUNDRMCLAY,BE,06-10-2000,165.1,160.0,165.0,159.2,165.0,165.0,162.94,312,"50,838.40",-,-,-
SUNDRMCLAY,BE,09-10-2000,165.0,170.0,170.0,154.1,169.0,169.0,158.97,166,"26,389.50",-,-,-
SUNDRMCLAY,BE,10-10-2000,169.0,157.0,157.0,152.0,155.0,155.45,155.94,554,"86,389.40",-,-,-
SUNDRMCLAY,BE,11-10-2000,155.45,150.0,150.0,143.05,144.5,144.5,145.36,319,"46,371.30",-,-,-
SUNDRMCLAY,BE,12-10-2000,144.5,150.0,150.0,144.25,144.35,147.1,147.55,166,"24,493.85",-,-,-
SUNDRMCLAY,BE,13-10-2000,147.1,142.5,144.0,142.5,144.35,144.0,142.94,141,"20,154.00",-,-,-
SUNDRMCLAY,BE,16-10-2000,144.0,142.25,142.3,139.1,139.1,139.95,141.04,764,"1,07,757.50",-,-,-
SUNDRMCLAY,BE,17-10-2000,139.95,142.0,142.0,135.0,136.5,137.8,138.55,164,"22,723.00",-,-,-
SUNDRMCLAY,BE,18-10-2000,137.8,135.25,139.0,135.0,135.1,135.1,135.96,40,"5,438.45",-,-,-
SUNDRMCLAY,BE,19-10-2000,135.1,139.5,140.0,134.0,140.0,140.0,138.76,790,"1,09,623.00",-,-,-
SUNDRMCLAY,BE,20-10-2000,140.0,140.2,140.2,137.1,137.1,137.1,139.21,411,"57,214.40",-,-,-
SUNDRMCLAY,BE,23-10-2000,137.1,132.0,140.0,132.0,140.0,140.0,134.64,303,"40,796.00",-,-,-
SUNDRMCLAY,BE,24-10-2000,140.0,130.25,133.25,130.25,133.25,133.25,132.75,30,"3,982.50",-,-,-
SUNDRMCLAY,BE,27-10-2000,133.25,148.0,148.0,148.0,148.0,148.0,148.0,5,740.00,-,-,-
SUNDRMCLAY,BE,30-10-2000,148.0,140.0,140.0,140.0,140.0,140.0,140.0,10,"1,400.00",-,-,-
SUNDRMCLAY,BE,31-10-2000,140.0,135.0,135.0,130.0,130.0,130.0,130.7,"1,355","1,77,100.00",-,-,-
SUNDRMCLAY,BE,01-11-2000,130.0,125.0,125.0,119.6,119.6,119.6,121.26,"1,131","1,37,145.85",-,-,-
SUNDRMCLAY,BE,02-11-2000,119.6,123.1,124.9,110.05,115.0,115.0,113.15,"2,266","2,56,393.90",-,-,-
SUNDRMCLAY,BE,03-11-2000,115.0,116.1,124.0,115.0,124.0,118.8,116.91,"1,363","1,59,348.75",-,-,-
SUNDRMCLAY,BE,06-11-2000,118.8,115.5,118.1,115.0,115.0,115.0,115.66,"1,382","1,59,841.50",-,-,-
SUNDRMCLAY,BE,07-11-2000,115.0,114.05,114.1,110.0,113.45,113.45,112.97,557,"62,924.00",-,-,-
SUNDRMCLAY,BE,08-11-2000,113.45,115.0,115.0,111.15,113.4,113.4,112.73,467,"52,646.25",-,-,-
SUNDRMCLAY,BE,09-11-2000,113.4,115.0,115.0,111.25,115.0,115.0,114.91,"1,598","1,83,628.00",-,-,-
SUNDRMCLAY,BE,10-11-2000,115.0,111.0,124.2,111.0,118.5,118.5,117.78,"2,581","3,03,997.00",-,-,-
SUNDRMCLAY,BE,13-11-2000,118.5,114.0,115.0,111.0,113.0,112.85,112.26,344,"38,617.50",-,-,-
SUNDRMCLAY,BE,14-11-2000,112.85,117.5,117.5,115.0,115.0,115.0,115.5,201,"23,215.00",-,-,-
SUNDRMCLAY,BE,15-11-2000,115.0,115.0,115.0,111.55,114.95,114.95,112.82,666,"75,135.60",-,-,-
SUNDRMCLAY,BE,16-11-2000,114.95,111.6,114.75,111.6,112.25,112.25,112.3,352,"39,530.45",-,-,-
SUNDRMCLAY,BE,17-11-2000,112.25,111.0,111.0,98.2,100.0,100.0,103.12,"4,126","4,25,458.00",-,-,-
SUNDRMCLAY,BE,20-11-2000,100.0,105.0,114.4,100.0,103.0,101.6,103.8,"4,780","4,96,147.30",-,-,-
SUNDRMCLAY,BE,21-11-2000,101.6,104.0,104.0,98.35,101.55,101.55,100.77,"2,585","2,60,500.60",-,-,-
SUNDRMCLAY,BE,22-11-2000,101.55,100.1,100.5,98.6,99.0,99.0,100.0,"3,171","3,17,110.10",-,-,-
SUNDRMCLAY,BE,23-11-2000,99.0,100.0,102.75,100.0,102.75,102.75,100.75,275,"27,706.25",-,-,-
SUNDRMCLAY,BE,24-11-2000,102.75,100.25,103.0,100.25,101.25,101.25,101.1,358,"36,192.25",-,-,-
SUNDRMCLAY,BE,27-11-2000,101.25,101.0,105.9,101.0,105.9,105.4,105.17,650,"68,360.70",-,-,-
SUNDRMCLAY,BE,28-11-2000,105.4,107.9,107.9,100.2,100.2,100.65,102.1,"1,154","1,17,820.10",-,-,-
SUNDRMCLAY,BE,29-11-2000,100.65,102.0,102.0,102.0,102.0,102.0,102.0,42,"4,284.00",-,-,-
SUNDRMCLAY,BE,01-12-2000,102.0,100.0,103.6,100.0,103.45,103.45,102.06,170,"17,349.45",-,-,-
SUNDRMCLAY,BE,04-12-2000,103.45,100.2,105.8,100.2,105.8,104.5,103.65,596,"61,775.25",-,-,-
SUNDRMCLAY,BE,05-12-2000,104.5,103.5,103.5,100.75,101.1,101.1,102.04,406,"41,429.20",-,-,-
SUNDRMCLAY,BE,06-12-2000,101.1,106.0,106.0,103.25,103.5,103.5,104.54,198,"20,699.70",-,-,-
SUNDRMCLAY,BE,07-12-2000,103.5,104.1,105.5,104.0,104.0,104.3,104.32,509,"53,100.50",-,-,-
SUNDRMCLAY,BE,08-12-2000,104.3,107.4,107.4,107.4,107.4,107.4,107.4,50,"5,370.00",-,-,-
SUNDRMCLAY,BE,11-12-2000,107.4,107.95,110.0,106.0,110.0,108.65,108.32,959,"1,03,879.20",-,-,-
SUNDRMCLAY,BE,12-12-2000,108.65,106.0,112.8,105.5,112.8,112.8,108.19,881,"95,318.50",-,-,-
SUNDRMCLAY,BE,13-12-2000,112.8,114.0,114.0,110.0,112.25,112.25,111.95,293,"32,800.25",-,-,-
SUNDRMCLAY,BE,14-12-2000,112.25,112.25,113.9,111.1,111.1,111.1,111.99,166,"18,589.90",-,-,-
SUNDRMCLAY,BE,15-12-2000,111.1,106.0,114.0,106.0,113.5,113.5,113.09,406,"45,916.10",-,-,-
SUNDRMCLAY,BE,18-12-2000,113.5,107.0,107.0,106.0,106.0,106.0,106.6,83,"8,848.00",-,-,-
SUNDRMCLAY,BE,19-12-2000,106.0,106.0,110.0,105.25,105.25,109.05,107.57,468,"50,344.50",-,-,-
SUNDRMCLAY,BE,20-12-2000,109.05,105.0,105.0,105.0,105.0,105.0,105.0,16,"1,680.00",-,-,-
SUNDRMCLAY,BE,21-12-2000,105.0,100.2,101.1,100.0,101.0,101.1,100.24,218,"21,852.60",-,-,-
SUNDRMCLAY,BE,22-12-2000,101.1,102.0,102.0,102.0,102.0,102.0,102.0,249,"25,398.00",-,-,-
SUNDRMCLAY,BE,26-12-2000,102.0,107.0,107.0,100.0,100.0,100.65,100.63,130,"13,082.50",-,-,-
SUNDRMCLAY,BE,28-12-2000,100.65,101.25,101.25,100.0,100.0,100.0,100.24,466,"46,712.50",-,-,-
SUNDRMCLAY,BE,29-12-2000,100.0,101.0,103.0,100.0,100.0,100.0,100.19,562,"56,304.00",-,-,-
SUNDRMCLAY,BE,01-01-2001,100.0,100.0,100.0,98.55,98.55,98.55,99.79,438,"43,707.20",-,-,-
SUNDRMCLAY,BE,02-01-2001,98.55,100.0,100.0,98.25,98.55,98.55,98.76,204,"20,147.25",-,-,-
SUNDRMCLAY,BE,03-01-2001,98.55,100.0,106.4,100.0,100.0,100.3,100.32,"7,164","7,18,661.35",-,-,-
SUNDRMCLAY,BE,04-01-2001,100.3,100.25,100.25,97.0,100.0,99.95,99.07,592,"58,646.50",-,-,-
SUNDRMCLAY,BE,05-01-2001,99.95,100.0,100.0,98.5,100.0,100.0,99.56,282,"28,077.00",-,-,-
SUNDRMCLAY,BE,08-01-2001,100.0,100.1,100.1,96.25,98.6,98.6,98.96,305,"30,184.25",-,-,-
SUNDRMCLAY,BE,09-01-2001,98.6,96.0,100.0,96.0,98.05,98.4,99.52,"1,249","1,24,305.90",-,-,-
SUNDRMCLAY,BE,10-01-2001,98.4,98.0,99.0,98.0,99.0,99.0,98.7,166,"16,384.00",-,-,-
SUNDRMCLAY,BE,11-01-2001,99.0,100.0,100.0,100.0,100.0,100.0,100.0,25,"2,500.00",-,-,-
SUNDRMCLAY,BE,12-01-2001,100.0,100.0,100.0,95.0,100.0,100.0,98.99,"1,259","1,24,632.00",-,-,-
SUNDRMCLAY,BE,15-01-2001,100.0,100.0,100.0,100.0,100.0,100.0,100.0,12,"1,200.00",-,-,-
SUNDRMCLAY,BE,17-01-2001,100.0,95.5,96.0,95.5,96.0,96.0,95.78,54,"5,172.00",-,-,-
SUNDRMCLAY,BE,18-01-2001,96.0,94.05,94.05,94.05,94.05,94.05,94.05,10,940.50,-,-,-
SUNDRMCLAY,BE,19-01-2001,94.05,95.0,98.0,92.5,94.0,94.0,93.43,71,"6,633.50",-,-,-
SUNDRMCLAY,BE,22-01-2001,94.0,95.0,97.0,94.0,97.0,95.5,95.56,533,"50,934.15",-,-,-
SUNDRMCLAY,BE,23-01-2001,95.5,92.35,96.9,90.0,95.0,95.55,94.63,895,"84,690.90",-,-,-
SUNDRMCLAY,BE,24-01-2001,95.55,94.0,98.0,93.05,96.0,93.35,94.44,902,"85,188.30",-,-,-
SUNDRMCLAY,BE,25-01-2001,93.35,91.0,99.9,91.0,93.0,93.5,94.55,504,"47,654.60",-,-,-
SUNDRMCLAY,BE,29-01-2001,93.5,90.1,90.1,90.0,90.0,90.0,90.09,250,"22,521.25",-,-,-
SUNDRMCLAY,BE,30-01-2001,90.0,90.05,90.25,89.25,89.25,89.25,89.95,440,"39,577.00",-,-,-
SUNDRMCLAY,BE,31-01-2001,89.25,90.0,90.1,86.0,86.0,86.0,89.62,"1,255","1,12,468.50",-,-,-
SUNDRMCLAY,BE,01-02-2001,86.0,85.0,87.0,84.05,87.0,87.0,85.09,528,"44,927.20",-,-,-
SUNDRMCLAY,BE,02-02-2001,87.0,83.55,90.0,83.25,87.0,87.15,87.25,251,"21,899.00",-,-,-
SUNDRMCLAY,BE,05-02-2001,87.15,86.0,88.0,86.0,88.0,88.0,86.91,184,"15,992.00",-,-,-
SUNDRMCLAY,BE,06-02-2001,88.0,88.0,90.0,85.0,85.0,85.15,87.94,"11,831","10,40,374.90",-,-,-
SUNDRMCLAY,BE,07-02-2001,85.15,88.0,88.0,84.0,88.0,88.0,85.15,"4,817","4,10,183.00",-,-,-
SUNDRMCLAY,BE,08-02-2001,88.0,86.0,86.0,82.5,83.95,83.95,83.18,"14,356","11,94,117.25",-,-,-
SUNDRMCLAY,BE,09-02-2001,83.95,85.0,85.05,81.0,83.0,81.5,84.3,"18,599","15,67,892.40",-,-,-
SUNDRMCLAY,BE,12-02-2001,81.5,85.0,86.0,82.8,82.8,84.55,84.98,"5,490","4,66,545.50",-,-,-
SUNDRMCLAY,BE,13-02-2001,84.55,87.0,87.0,82.6,84.05,84.05,85.59,"1,226","1,04,931.60",-,-,-
SUNDRMCLAY,BE,14-02-2001,84.05,85.0,86.6,82.0,85.4,85.4,83.6,"3,324","2,77,887.80",-,-,-
SUNDRMCLAY,BE,15-02-2001,85.4,85.75,85.75,83.0,85.0,85.0,85.0,"16,475","14,00,352.50",-,-,-
SUNDRMCLAY,BE,16-02-2001,85.0,85.0,88.75,84.9,84.9,85.0,85.68,"1,074","92,023.95",-,-,-
SUNDRMCLAY,BE,19-02-2001,85.0,83.6,86.0,83.0,86.0,86.0,84.74,480,"40,675.25",-,-,-
SUNDRMCLAY,BE,20-02-2001,86.0,86.1,86.1,83.75,86.0,86.0,85.2,566,"48,221.00",-,-,-
SUNDRMCLAY,BE,21-02-2001,86.0,85.0,87.0,83.3,85.0,85.0,85.68,539,"46,179.40",-,-,-
SUNDRMCLAY,BE,22-02-2001,85.0,84.05,90.0,84.05,86.0,86.0,88.05,837,"73,698.25",-,-,-
SUNDRMCLAY,BE,23-02-2001,86.0,86.0,88.5,86.0,86.0,86.2,86.58,201,"17,402.25",-,-,-
SUNDRMCLAY,BE,26-02-2001,86.2,88.0,88.0,80.6,84.05,85.9,83.73,467,"39,102.45",-,-,-
SUNDRMCLAY,BE,27-02-2001,85.9,86.0,87.0,83.0,83.0,83.3,85.92,451,"38,749.50",-,-,-
SUNDRMCLAY,BE,28-02-2001,83.3,86.0,90.0,83.55,85.1,86.8,86.63,"1,541","1,33,498.55",-,-,-
SUNDRMCLAY,BE,01-03-2001,86.8,92.55,92.55,86.1,88.9,88.5,88.22,602,"53,110.75",-,-,-
SUNDRMCLAY,BE,02-03-2001,88.5,86.1,86.1,86.1,86.1,86.1,86.1,25,"2,152.50",-,-,-
SUNDRMCLAY,BE,05-03-2001,86.1,89.0,89.0,79.95,81.5,81.5,81.42,313,"25,485.30",-,-,-
SUNDRMCLAY,BE,07-03-2001,81.5,78.0,86.0,78.0,81.0,81.0,81.17,213,"17,289.40",-,-,-
SUNDRMCLAY,BE,08-03-2001,81.0,81.0,82.1,80.1,82.1,82.1,81.13,365,"29,611.50",-,-,-
SUNDRMCLAY,BE,09-03-2001,82.1,84.75,84.75,80.0,80.0,80.0,83.7,257,"21,510.00",-,-,-
SUNDRMCLAY,BE,12-03-2001,80.0,75.0,79.95,73.75,74.1,74.1,74.75,420,"31,397.00",-,-,-
SUNDRMCLAY,BE,13-03-2001,74.1,74.0,74.0,69.0,69.0,69.0,69.98,495,"34,640.00",-,-,-
SUNDRMCLAY,BE,14-03-2001,69.0,71.0,75.0,71.0,74.55,74.55,72.58,330,"23,951.60",-,-,-
SUNDRMCLAY,BE,15-03-2001,74.55,76.0,76.0,73.0,73.5,73.5,73.9,462,"34,142.25",-,-,-
SUNDRMCLAY,BE,16-03-2001,73.5,79.3,79.3,75.0,75.0,75.05,75.42,55,"4,148.15",-,-,-
SUNDRMCLAY,BE,19-03-2001,75.05,76.1,80.65,69.05,79.0,79.0,74.88,772,"57,804.35",-,-,-
SUNDRMCLAY,BE,20-03-2001,79.0,73.1,75.0,73.0,75.0,73.45,73.39,242,"17,759.25",-,-,-
SUNDRMCLAY,BE,21-03-2001,73.45,70.0,75.0,70.0,75.0,75.0,71.54,341,"24,395.20",-,-,-
SUNDRMCLAY,BE,22-03-2001,75.0,76.5,76.5,63.5,63.6,64.95,66.4,871,"57,832.65",-,-,-
SUNDRMCLAY,BE,23-03-2001,64.95,68.85,70.15,68.85,70.15,70.15,69.22,350,"24,227.50",-,-,-
SUNDRMCLAY,BE,26-03-2001,70.15,71.0,71.0,64.6,64.6,64.6,69.17,70,"4,842.00",-,-,-
SUNDRMCLAY,BE,28-03-2001,64.6,64.0,66.0,63.1,66.0,66.0,63.75,173,"11,029.50",-,-,-
SUNDRMCLAY,BE,29-03-2001,66.0,65.0,65.0,65.0,65.0,65.0,65.0,50,"3,250.00",-,-,-
SUNDRMCLAY,BE,30-03-2001,65.0,66.0,67.0,65.0,67.0,67.0,66.58,197,"13,116.50",-,-,-
SUNDRMCLAY,BE,02-04-2001,67.0,66.85,66.85,62.0,62.0,63.2,65.02,403,"26,204.00",-,-,-
SUNDRMCLAY,BE,03-04-2001,63.2,62.0,67.8,62.0,62.2,62.2,63.82,324,"20,676.60",-,-,-
SUNDRMCLAY,BE,04-04-2001,62.2,61.0,62.0,57.25,57.25,57.35,58.96,"1,992","1,17,445.50",-,-,-
SUNDRMCLAY,BE,06-04-2001,57.35,56.1,60.0,48.2,60.0,59.4,50.07,"8,569","4,29,081.10",-,-,-
SUNDRMCLAY,BE,09-04-2001,59.4,56.1,63.3,55.0,63.3,63.3,58.7,"2,065","1,21,225.00",-,-,-
SUNDRMCLAY,BE,10-04-2001,63.3,64.8,64.8,60.05,63.5,63.5,63.29,200,"12,657.50",-,-,-
SUNDRMCLAY,BE,11-04-2001,63.5,58.9,60.0,53.4,60.0,56.6,54.75,"2,337","1,27,940.50",-,-,-
SUNDRMCLAY,BE,12-04-2001,56.6,55.0,59.0,47.55,47.55,47.55,48.35,"68,716","33,22,524.85",-,-,-
SUNDRMCLAY,BE,16-04-2001,47.55,51.0,51.0,51.0,51.0,51.0,51.0,191,"9,741.00",-,-,-
SUNDRMCLAY,BE,17-04-2001,51.0,54.8,54.9,54.8,54.9,54.9,54.85,136,"7,459.15",-,-,-
SUNDRMCLAY,BE,18-04-2001,54.9,59.0,59.3,55.0,59.3,59.3,58.13,469,"27,261.60",-,-,-
SUNDRMCLAY,BE,19-04-2001,59.3,62.0,63.35,61.0,63.35,63.35,62.09,"1,451","90,093.85",-,-,-
SUNDRMCLAY,BE,20-04-2001,63.35,62.0,62.0,61.0,62.0,61.6,61.72,393,"24,257.10",-,-,-
SUNDRMCLAY,BE,23-04-2001,61.6,61.0,63.0,61.0,63.0,63.0,61.74,560,"34,572.50",-,-,-
SUNDRMCLAY,BE,24-04-2001,63.0,66.0,66.05,65.5,66.05,66.05,65.97,300,"19,791.25",-,-,-
SUNDRMCLAY,BE,25-04-2001,66.05,69.8,69.8,65.0,66.0,66.0,66.0,"2,91,355","1,92,29,533.00",-,-,-
SUNDRMCLAY,BE,26-04-2001,66.0,68.95,71.25,61.0,61.0,61.0,63.54,"1,266","80,440.50",-,-,-
SUNDRMCLAY,BE,27-04-2001,61.0,60.0,60.0,60.0,60.0,60.0,60.0,25,"1,500.00",-,-,-
SUNDRMCLAY,BE,30-04-2001,60.0,60.0,62.0,59.5,59.5,59.5,60.85,530,"32,251.50",-,-,-
SUNDRMCLAY,BE,02-05-2001,59.5,63.5,63.5,60.0,60.0,60.0,61.65,243,"14,980.00",-,-,-
SUNDRMCLAY,BE,04-05-2001,60.0,61.0,61.0,60.0,60.0,60.0,60.14,720,"43,297.50",-,-,-
SUNDRMCLAY,BE,07-05-2001,60.0,60.0,60.1,60.0,60.1,60.1,60.02,21,"1,260.50",-,-,-
SUNDRMCLAY,BE,08-05-2001,60.1,61.25,62.5,60.0,61.0,61.0,60.86,318,"19,354.25",-,-,-
SUNDRMCLAY,BE,09-05-2001,61.0,61.0,64.8,61.0,62.9,62.9,63.61,166,"10,558.50",-,-,-
SUNDRMCLAY,BE,10-05-2001,62.9,60.0,60.0,60.0,60.0,60.0,60.0,144,"8,640.00",-,-,-
SUNDRMCLAY,BE,11-05-2001,60.0,61.95,64.8,60.0,62.0,62.0,61.37,"1,133","69,535.70",-,-,-
SUNDRMCLAY,BE,14-05-2001,62.0,60.0,60.3,60.0,60.3,60.3,60.21,203,"12,222.90",-,-,-
SUNDRMCLAY,BE,15-05-2001,60.3,60.0,65.0,60.0,60.25,60.25,62.11,664,"41,242.50",-,-,-
SUNDRMCLAY,BE,16-05-2001,60.25,60.5,60.5,60.0,60.05,60.0,60.09,631,"37,915.00",-,-,-
SUNDRMCLAY,BE,17-05-2001,60.0,60.2,60.2,60.2,60.2,60.2,60.2,16,963.20,-,-,-
SUNDRMCLAY,BE,18-05-2001,60.2,60.0,64.8,60.0,62.1,62.1,62.0,418,"25,916.40",-,-,-
SUNDRMCLAY,BE,21-05-2001,62.1,65.0,66.5,64.95,66.5,66.5,65.49,300,"19,646.25",-,-,-
SUNDRMCLAY,BE,22-05-2001,66.5,65.0,68.85,65.0,68.85,66.95,66.31,569,"37,730.70",-,-,-
SUNDRMCLAY,BE,23-05-2001,66.95,66.5,69.55,66.5,69.55,68.5,68.33,351,"23,985.50",-,-,-
SUNDRMCLAY,BE,24-05-2001,68.5,67.35,69.75,67.35,67.75,67.75,68.9,321,"22,115.60",-,-,-
SUNDRMCLAY,BE,25-05-2001,67.75,64.0,71.25,64.0,71.25,68.05,68.52,"1,164","79,754.50",-,-,-
SUNDRMCLAY,BE,28-05-2001,68.05,67.0,70.0,67.0,70.0,68.95,68.84,294,"20,238.50",-,-,-
SUNDRMCLAY,BE,29-05-2001,68.95,66.1,66.1,66.0,66.0,66.0,66.04,139,"9,179.00",-,-,-
SUNDRMCLAY,BE,30-05-2001,66.0,65.0,65.1,64.0,64.0,64.0,64.75,"1,050","67,984.20",-,-,-
SUNDRMCLAY,BE,31-05-2001,64.0,67.0,69.0,62.1,69.0,68.55,67.22,746,"50,143.50",-,-,-
SUNDRMCLAY,BE,01-06-2001,68.55,64.65,69.0,64.6,69.0,69.0,64.83,220,"14,262.50",-,-,-
SUNDRMCLAY,BE,04-06-2001,69.0,73.75,73.75,73.75,73.75,73.75,73.75,20,"1,475.00",-,-,-
SUNDRMCLAY,BE,05-06-2001,73.75,70.0,70.0,61.95,61.95,61.95,62.46,522,"32,602.55",-,-,-
SUNDRMCLAY,BE,06-06-2001,61.95,64.05,64.05,64.0,64.0,64.0,64.01,48,"3,072.25",-,-,-
SUNDRMCLAY,BE,07-06-2001,64.0,64.35,65.05,64.35,64.35,64.35,64.45,161,"10,376.85",-,-,-
SUNDRMCLAY,BE,08-06-2001,64.35,61.0,67.7,61.0,67.7,67.7,63.73,106,"6,755.85",-,-,-
SUNDRMCLAY,BE,11-06-2001,67.7,62.75,68.4,62.75,66.95,64.6,64.81,179,"11,601.65",-,-,-
SUNDRMCLAY,BE,13-06-2001,64.6,62.5,64.0,62.05,62.5,62.65,62.69,293,"18,367.35",-,-,-
SUNDRMCLAY,BE,14-06-2001,62.65,60.05,60.05,59.75,59.75,59.75,59.86,348,"20,833.00",-,-,-
SUNDRMCLAY,BE,15-06-2001,59.75,57.05,62.95,56.5,62.95,62.95,59.41,185,"10,990.00",-,-,-
SUNDRMCLAY,BE,18-06-2001,62.95,58.0,61.9,57.95,58.5,58.5,58.65,395,"23,165.90",-,-,-
SUNDRMCLAY,BE,19-06-2001,58.5,56.0,59.25,56.0,59.25,59.25,56.68,750,"42,510.00",-,-,-
SUNDRMCLAY,BE,20-06-2001,59.25,56.0,60.0,55.25,58.05,58.05,56.99,166,"9,461.15",-,-,-
SUNDRMCLAY,BE,21-06-2001,58.05,58.0,59.15,57.0,57.7,57.7,58.26,439,"25,578.15",-,-,-
SUNDRMCLAY,BE,22-06-2001,57.7,59.1,60.0,58.5,58.6,58.6,59.51,686,"40,825.40",-,-,-
SUNDRMCLAY,BE,25-06-2001,58.6,57.45,60.0,57.0,60.0,60.0,58.64,791,"46,381.10",-,-,-
SUNDRMCLAY,BE,26-06-2001,60.0,60.0,62.95,60.0,62.95,62.9,60.92,73,"4,446.85",-,-,-
SUNDRMCLAY,BE,27-06-2001,62.9,62.25,62.25,58.25,58.25,58.25,60.37,135,"8,150.50",-,-,-
SUNDRMCLAY,BE,28-06-2001,58.25,60.05,61.0,59.0,59.0,60.9,60.61,317,"19,214.85",-,-,-
SUNDRMCLAY,BE,29-06-2001,60.9,60.0,61.0,59.05,59.0,61.0,60.35,757,"45,687.40",-,-,-
SUNDRMCLAY,EQ,02-07-2001,61.0,60.0,60.0,60.0,60.0,60.0,60.0,"12,077","7,24,620.00",-,-,-
SUNDRMCLAY,EQ,04-07-2001,60.0,58.0,58.0,53.1,57.0,56.85,56.82,82,"4,659.60",-,-,-
SUNDRMCLAY,EQ,06-07-2001,56.85,59.5,63.0,58.0,59.55,59.55,59.29,"22,439","13,30,480.05",-,-,-
SUNDRMCLAY,EQ,09-07-2001,59.55,61.0,61.0,61.0,61.0,61.0,61.0,20,"1,220.00",-,-,-
SUNDRMCLAY,EQ,11-07-2001,61.0,58.0,60.0,58.0,60.0,60.0,58.63,260,"15,244.00",-,-,-
SUNDRMCLAY,EQ,12-07-2001,60.0,58.0,59.0,58.0,59.0,59.0,58.2,250,"14,550.00",-,-,-
SUNDRMCLAY,EQ,13-07-2001,59.0,59.0,59.8,59.0,59.8,59.8,59.5,"6,322","3,76,183.95",-,-,-
SUNDRMCLAY,EQ,16-07-2001,59.8,55.2,61.0,55.2,61.0,61.0,59.35,270,"16,024.60",-,-,-
SUNDRMCLAY,EQ,17-07-2001,61.0,58.0,65.85,58.0,59.0,59.0,60.66,485,"29,421.25",-,-,-
SUNDRMCLAY,EQ,18-07-2001,59.0,60.0,60.0,55.0,55.0,55.0,55.98,"2,820","1,57,850.80",-,-,-
SUNDRMCLAY,EQ,19-07-2001,55.0,57.0,59.0,57.0,59.0,59.0,57.03,"2,092","1,19,316.00",-,-,-
SUNDRMCLAY,EQ,20-07-2001,59.0,58.0,59.5,58.0,59.5,59.5,58.82,"1,104","64,938.00",-,-,-
SUNDRMCLAY,EQ,24-07-2001,59.5,59.0,60.0,56.1,58.0,58.0,58.03,"3,288","1,90,796.50",-,-,-
SUNDRMCLAY,EQ,25-07-2001,58.0,60.5,60.5,57.1,57.1,57.1,57.44,273,"15,680.80",-,-,-
SUNDRMCLAY,EQ,26-07-2001,57.1,60.5,60.5,60.5,60.5,60.5,60.5,50,"3,025.00",-,-,-
SUNDRMCLAY,EQ,27-07-2001,60.5,56.0,57.0,56.0,56.05,56.05,56.06,340,"19,059.00",-,-,-
SUNDRMCLAY,EQ,30-07-2001,56.05,59.9,60.0,56.0,60.0,59.15,59.2,"7,875","4,66,201.00",-,-,-
SUNDRMCLAY,EQ,31-07-2001,59.15,64.9,64.9,56.0,58.65,58.65,58.15,"9,296","5,40,537.55",-,-,-
SUNDRMCLAY,EQ,03-08-2001,58.65,59.1,59.5,59.0,59.0,59.0,59.16,"1,851","1,09,509.50",-,-,-
SUNDRMCLAY,EQ,06-08-2001,59.0,60.1,60.1,58.0,58.0,58.1,58.11,110,"6,392.10",-,-,-
SUNDRMCLAY,EQ,07-08-2001,58.1,58.5,58.5,58.0,58.0,58.4,58.39,66,"3,854.00",-,-,-
SUNDRMCLAY,EQ,09-08-2001,58.4,61.9,61.9,57.5,61.0,61.0,58.28,138,"8,042.40",-,-,-
SUNDRMCLAY,EQ,10-08-2001,61.0,62.0,63.2,62.0,63.2,63.2,62.07,544,"33,767.20",-,-,-
SUNDRMCLAY,EQ,13-08-2001,63.2,58.0,58.0,58.0,58.0,58.0,58.0,90,"5,220.00",-,-,-
SUNDRMCLAY,EQ,14-08-2001,58.0,58.0,62.0,58.0,62.0,62.0,58.8,312,"18,346.00",-,-,-
SUNDRMCLAY,EQ,16-08-2001,62.0,59.0,59.0,59.0,59.0,59.0,59.0,366,"21,594.00",-,-,-
SUNDRMCLAY,EQ,17-08-2001,59.0,58.0,58.1,58.0,58.1,58.1,58.06,41,"2,380.50",-,-,-
SUNDRMCLAY,EQ,20-08-2001,58.1,58.0,58.15,58.0,58.1,58.15,58.07,248,"14,401.80",-,-,-
SUNDRMCLAY,EQ,21-08-2001,58.15,56.0,58.0,56.0,58.0,58.0,57.12,150,"8,568.00",-,-,-
SUNDRMCLAY,EQ,23-08-2001,58.0,58.5,58.5,58.0,58.0,58.0,58.31,200,"11,661.00",-,-,-
SUNDRMCLAY,EQ,24-08-2001,58.0,59.0,65.0,59.0,60.1,60.1,59.77,436,"26,059.40",-,-,-
SUNDRMCLAY,EQ,27-08-2001,60.1,58.05,60.0,58.05,60.0,60.0,59.39,215,"12,767.95",-,-,-
SUNDRMCLAY,EQ,29-08-2001,60.0,62.85,62.85,58.8,58.8,59.85,60.9,150,"9,134.75",-,-,-
SUNDRMCLAY,EQ,30-08-2001,59.85,59.5,60.0,59.5,60.0,60.0,59.65,162,"9,663.00",-,-,-
SUNDRMCLAY,EQ,31-08-2001,60.0,60.0,60.0,59.15,60.0,60.0,59.99,569,"34,133.20",-,-,-
SUNDRMCLAY,EQ,03-09-2001,60.0,60.5,62.95,60.5,62.0,61.8,62.03,432,"26,798.15",-,-,-
SUNDRMCLAY,EQ,04-09-2001,61.8,62.05,63.0,60.0,62.0,62.3,61.25,327,"20,030.10",-,-,-
SUNDRMCLAY,EQ,05-09-2001,62.3,60.0,62.95,60.0,62.95,62.95,60.07,"1,742","1,04,643.90",-,-,-
SUNDRMCLAY,EQ,06-09-2001,62.95,60.0,62.25,60.0,60.2,60.2,60.61,216,"13,092.50",-,-,-
SUNDRMCLAY,EQ,07-09-2001,60.2,60.2,60.2,60.2,60.2,60.2,60.2,100,"6,020.00",-,-,-
SUNDRMCLAY,EQ,10-09-2001,60.2,61.5,62.0,58.5,58.5,58.5,59.18,95,"5,622.50",-,-,-
SUNDRMCLAY,EQ,11-09-2001,58.5,61.95,61.95,59.5,59.5,59.5,60.56,132,"7,993.65",-,-,-
SUNDRMCLAY,EQ,12-09-2001,59.5,59.4,62.7,59.4,59.5,59.5,59.66,184,"10,976.55",-,-,-
SUNDRMCLAY,EQ,14-09-2001,59.5,53.1,58.5,53.1,53.5,53.5,55.38,84,"4,652.00",-,-,-
SUNDRMCLAY,EQ,17-09-2001,53.5,52.05,55.0,52.0,52.0,52.0,52.88,364,"19,248.00",-,-,-
SUNDRMCLAY,EQ,18-09-2001,52.0,52.0,55.75,52.0,53.0,53.05,52.4,294,"15,406.75",-,-,-
SUNDRMCLAY,EQ,19-09-2001,53.05,47.1,53.0,47.05,52.1,52.55,48.14,102,"4,910.35",-,-,-
SUNDRMCLAY,EQ,20-09-2001,52.55,54.0,56.5,52.2,56.5,56.5,55.15,444,"24,486.30",-,-,-
SUNDRMCLAY,EQ,21-09-2001,56.5,55.25,55.25,54.0,54.0,54.9,54.99,288,"15,837.00",-,-,-
SUNDRMCLAY,EQ,24-09-2001,54.9,56.0,56.0,53.55,53.55,53.55,53.73,501,"26,921.00",-,-,-
SUNDRMCLAY,EQ,25-09-2001,53.55,53.0,55.7,53.0,53.0,53.0,53.88,307,"16,541.00",-,-,-
SUNDRMCLAY,EQ,26-09-2001,53.0,53.0,56.0,53.0,56.0,55.95,55.71,408,"22,728.60",-,-,-
SUNDRMCLAY,EQ,27-09-2001,55.95,55.0,55.0,55.0,55.0,55.0,55.0,39,"2,145.00",-,-,-
SUNDRMCLAY,EQ,28-09-2001,55.0,61.25,66.0,61.25,66.0,66.0,65.73,877,"57,644.50",-,-,-
SUNDRMCLAY,EQ,01-10-2001,66.0,74.0,74.5,63.05,66.0,66.0,66.39,"1,938","1,28,665.05",-,-,-
SUNDRMCLAY,EQ,03-10-2001,66.0,67.0,67.25,61.3,63.0,63.0,64.5,186,"11,997.00",-,-,-
SUNDRMCLAY,EQ,04-10-2001,63.0,60.0,60.0,57.0,57.4,57.5,57.7,434,"25,041.35",-,-,-
SUNDRMCLAY,EQ,05-10-2001,57.5,59.0,61.4,59.0,61.4,61.4,60.32,200,"12,063.90",-,-,-
SUNDRMCLAY,EQ,08-10-2001,61.4,60.0,60.0,60.0,60.0,60.0,60.0,166,"9,960.00",-,-,-
SUNDRMCLAY,EQ,09-10-2001,60.0,60.5,60.5,58.0,59.0,59.0,58.6,146,"8,555.50",-,-,-
SUNDRMCLAY,EQ,10-10-2001,59.0,59.0,67.85,59.0,67.85,67.85,60.7,150,"9,105.30",-,-,-
SUNDRMCLAY,EQ,11-10-2001,67.85,55.0,64.0,55.0,62.2,62.2,63.64,"2,006","1,27,669.00",-,-,-
SUNDRMCLAY,EQ,12-10-2001,62.2,56.0,65.95,56.0,65.0,65.0,64.66,924,"59,750.10",-,-,-
SUNDRMCLAY,EQ,15-10-2001,65.0,67.0,72.0,67.0,70.0,70.0,68.7,"1,419","97,491.00",-,-,-
SUNDRMCLAY,EQ,16-10-2001,70.0,68.0,74.6,68.0,72.5,73.25,72.29,"1,504","1,08,726.30",-,-,-
SUNDRMCLAY,EQ,17-10-2001,73.25,59.0,78.0,59.0,78.0,77.8,75.75,"1,219","92,341.40",-,-,-
SUNDRMCLAY,EQ,18-10-2001,77.8,75.0,75.0,72.55,75.0,75.0,74.48,"1,453","1,08,212.75",-,-,-
SUNDRMCLAY,EQ,19-10-2001,75.0,72.55,75.5,72.55,75.5,75.35,74.33,550,"40,879.35",-,-,-
SUNDRMCLAY,EQ,22-10-2001,75.35,76.5,76.5,72.5,76.4,76.4,72.65,202,"14,675.70",-,-,-
SUNDRMCLAY,EQ,23-10-2001,76.4,72.5,73.5,72.5,72.55,72.55,72.76,240,"17,462.50",-,-,-
SUNDRMCLAY,EQ,24-10-2001,72.55,72.55,73.0,72.5,73.0,73.0,72.68,414,"30,089.85",-,-,-
SUNDRMCLAY,EQ,25-10-2001,73.0,72.5,74.5,72.5,74.5,74.0,72.73,354,"25,745.00",-,-,-
SUNDRMCLAY,EQ,29-10-2001,74.0,72.5,73.0,72.5,72.5,72.5,72.6,250,"18,150.00",-,-,-
SUNDRMCLAY,EQ,30-10-2001,72.5,75.25,75.25,72.55,72.55,73.6,74.64,309,"23,063.70",-,-,-
SUNDRMCLAY,EQ,31-10-2001,73.6,75.0,75.0,75.0,75.0,75.0,75.0,12,900.00,-,-,-
SUNDRMCLAY,EQ,01-11-2001,75.0,75.2,80.0,75.2,79.0,79.0,76.86,"1,075","82,620.00",-,-,-
SUNDRMCLAY,EQ,02-11-2001,79.0,79.05,79.05,77.0,79.0,77.95,77.67,991,"76,975.90",-,-,-
SUNDRMCLAY,EQ,05-11-2001,77.95,77.0,80.0,77.0,80.0,80.0,78.99,457,"36,097.50",-,-,-
SUNDRMCLAY,EQ,06-11-2001,80.0,80.0,82.0,76.0,77.25,77.3,78.05,284,"22,166.55",-,-,-
SUNDRMCLAY,EQ,07-11-2001,77.3,80.5,81.25,76.0,81.25,81.25,78.26,513,"40,146.00",-,-,-
SUNDRMCLAY,EQ,08-11-2001,81.25,80.5,80.5,78.0,78.5,78.5,78.59,166,"13,045.75",-,-,-
SUNDRMCLAY,EQ,09-11-2001,78.5,78.1,80.0,78.0,79.25,79.25,78.39,573,"44,920.05",-,-,-
SUNDRMCLAY,EQ,12-11-2001,79.25,79.0,81.0,78.8,80.0,80.0,79.96,182,"14,553.25",-,-,-
SUNDRMCLAY,EQ,13-11-2001,80.0,79.9,81.0,79.9,81.0,81.0,80.74,139,"11,223.55",-,-,-
SUNDRMCLAY,EQ,15-11-2001,81.0,85.0,92.5,81.25,81.25,81.25,83.01,376,"31,212.50",-,-,-
SUNDRMCLAY,EQ,19-11-2001,81.25,82.05,85.0,82.05,85.0,85.0,84.07,171,"14,375.90",-,-,-
SUNDRMCLAY,EQ,20-11-2001,85.0,88.9,88.9,80.5,82.0,82.3,82.41,"1,002","82,578.25",-,-,-
SUNDRMCLAY,EQ,21-11-2001,82.3,84.9,87.9,84.05,85.0,85.0,85.57,823,"70,422.65",-,-,-
SUNDRMCLAY,EQ,22-11-2001,85.0,82.15,89.0,82.1,89.0,88.95,87.61,761,"66,671.50",-,-,-
SUNDRMCLAY,EQ,23-11-2001,88.95,88.0,104.5,88.0,104.5,103.2,98.91,"1,747","1,72,794.40",-,-,-
SUNDRMCLAY,EQ,26-11-2001,103.2,100.0,100.0,99.9,100.0,99.95,99.99,"1,566","1,56,583.40",-,-,-
SUNDRMCLAY,EQ,27-11-2001,99.95,100.0,100.95,100.0,100.95,100.2,100.14,864,"86,521.25",-,-,-
SUNDRMCLAY,EQ,28-11-2001,100.2,101.0,103.5,100.0,103.0,102.1,100.69,"1,782","1,79,430.50",-,-,-
SUNDRMCLAY,EQ,29-11-2001,102.1,100.0,103.0,99.0,103.0,103.0,100.1,"1,482","1,48,346.00",-,-,-
SUNDRMCLAY,EQ,03-12-2001,103.0,103.0,110.0,102.0,106.0,106.0,103.52,"8,836","9,14,702.30",-,-,-
SUNDRMCLAY,EQ,04-12-2001,106.0,108.0,112.0,105.0,105.0,108.65,109.75,"1,985","2,17,860.00",-,-,-
SUNDRMCLAY,EQ,05-12-2001,108.65,111.55,113.5,108.9,108.9,109.7,111.71,"1,662","1,85,667.55",-,-,-
SUNDRMCLAY,EQ,06-12-2001,109.7,110.0,111.0,105.0,105.2,105.2,105.73,"1,427","1,50,875.00",-,-,-
SUNDRMCLAY,EQ,07-12-2001,105.2,103.5,105.0,103.5,105.0,105.0,104.71,813,"85,128.50",-,-,-
SUNDRMCLAY,EQ,10-12-2001,105.0,101.0,112.9,101.0,105.0,105.0,106.02,582,"61,701.00",-,-,-
SUNDRMCLAY,EQ,11-12-2001,105.0,105.5,109.0,105.5,105.5,105.5,106.52,684,"72,861.75",-,-,-
SUNDRMCLAY,EQ,12-12-2001,105.5,109.0,110.1,105.0,105.0,105.25,108.13,"1,705","1,84,361.85",-,-,-
SUNDRMCLAY,EQ,13-12-2001,105.25,105.0,106.9,105.0,105.0,105.0,105.03,"1,388","1,45,779.90",-,-,-
SUNDRMCLAY,EQ,14-12-2001,105.0,105.0,106.0,105.0,105.0,105.0,105.15,667,"70,136.00",-,-,-
SUNDRMCLAY,EQ,18-12-2001,105.0,105.0,106.0,105.0,105.0,105.1,105.02,739,"77,610.50",-,-,-
SUNDRMCLAY,EQ,19-12-2001,105.1,105.25,106.0,105.0,105.0,105.0,105.11,"1,814","1,90,660.90",-,-,-
SUNDRMCLAY,EQ,20-12-2001,105.0,100.5,105.0,95.0,105.0,105.0,103.32,"2,605","2,69,149.00",-,-,-
SUNDRMCLAY,EQ,21-12-2001,105.0,105.0,105.0,100.1,100.1,100.1,104.68,"1,218","1,27,495.00",-,-,-
SUNDRMCLAY,EQ,24-12-2001,100.1,105.0,105.0,95.0,105.0,105.0,103.47,"2,628","2,71,915.00",-,-,-
SUNDRMCLAY,EQ,26-12-2001,105.0,105.0,105.25,105.0,105.0,105.0,105.01,318,"33,392.50",-,-,-
SUNDRMCLAY,EQ,27-12-2001,105.0,105.0,105.0,105.0,105.0,105.0,105.0,250,"26,250.00",-,-,-
SUNDRMCLAY,EQ,28-12-2001,105.0,105.0,106.8,105.0,105.0,105.0,105.0,"1,552","1,62,967.40",-,-,-
SUNDRMCLAY,EQ,31-12-2001,105.0,105.9,105.9,105.9,105.9,105.9,105.9,6,635.40,-,-,-
SUNDRMCLAY,EQ,01-01-2002,105.9,105.0,106.0,100.0,100.0,104.1,104.83,737,"77,260.00",-,637,86.43
SUNDRMCLAY,EQ,02-01-2002,104.1,106.9,111.8,106.9,111.0,111.0,109.57,"1,709","1,87,248.75",-,"1,709",100.00
SUNDRMCLAY,EQ,03-01-2002,111.0,110.0,111.85,110.0,110.4,110.4,110.72,"1,160","1,28,440.05",-,"1,160",100.00
SUNDRMCLAY,EQ,04-01-2002,110.4,111.0,113.0,110.5,112.8,112.8,111.66,760,"84,864.50",-,760,100.00
SUNDRMCLAY,EQ,07-01-2002,112.8,115.0,121.0,115.0,117.05,117.05,119.17,"2,461","2,93,273.85",-,"2,436",98.98
SUNDRMCLAY,EQ,08-01-2002,117.05,123.0,123.0,115.0,115.0,115.0,116.51,"1,027","1,19,651.00",-,992,96.59
SUNDRMCLAY,EQ,09-01-2002,115.0,115.0,117.5,115.0,117.0,117.0,116.92,"1,413","1,65,204.00",-,"1,408",99.65
SUNDRMCLAY,EQ,10-01-2002,117.0,119.0,119.0,115.0,115.0,115.0,115.49,210,"24,252.75",-,210,100.00
SUNDRMCLAY,EQ,11-01-2002,115.0,115.05,117.0,115.0,115.0,116.4,116.11,"1,078","1,25,169.50",-,"1,078",100.00
SUNDRMCLAY,EQ,14-01-2002,116.4,116.0,125.7,116.0,124.5,123.4,123.03,"2,401","2,95,400.50",-,"1,496",62.31
SUNDRMCLAY,EQ,15-01-2002,123.4,119.9,121.9,119.9,120.9,120.9,120.68,185,"22,326.50",-,185,100.00
SUNDRMCLAY,EQ,16-01-2002,120.9,116.5,121.5,116.5,119.95,119.95,117.18,"5,173","6,06,172.75",-,"5,058",97.78
SUNDRMCLAY,EQ,17-01-2002,119.95,119.0,120.0,118.6,120.0,119.95,119.42,"1,182","1,41,155.00",-,"1,157",97.88
SUNDRMCLAY,EQ,18-01-2002,119.95,119.95,125.0,119.0,125.0,125.0,122.59,"2,066","2,53,265.20",-,"1,966",95.16
SUNDRMCLAY,EQ,21-01-2002,125.0,124.1,135.0,123.5,132.0,131.6,130.41,"2,135","2,78,432.65",-,"1,998",93.58
SUNDRMCLAY,EQ,22-01-2002,131.6,134.5,135.0,129.0,129.15,130.05,131.52,"1,427","1,87,677.50",-,"1,317",92.29
SUNDRMCLAY,EQ,23-01-2002,130.05,131.0,131.0,126.25,126.25,126.3,128.48,"1,524","1,95,802.80",-,"1,524",100.00
SUNDRMCLAY,EQ,24-01-2002,126.3,128.5,128.5,123.25,123.6,123.5,123.74,404,"49,992.95",-,304,75.25
SUNDRMCLAY,EQ,25-01-2002,123.5,120.0,124.0,120.0,124.0,123.7,122.45,685,"83,878.00",-,685,100.00
SUNDRMCLAY,EQ,28-01-2002,123.7,122.0,122.0,121.0,122.0,122.0,121.67,449,"54,629.00",-,449,100.00
SUNDRMCLAY,EQ,29-01-2002,122.0,122.0,131.0,122.0,128.1,128.1,127.03,"2,266","2,87,839.10",-,"2,224",98.15
SUNDRMCLAY,EQ,30-01-2002,128.1,128.25,130.0,128.0,128.1,129.0,128.94,"1,891","2,43,816.90",-,"1,865",98.63
SUNDRMCLAY,EQ,31-01-2002,129.0,127.0,130.0,126.1,128.0,128.0,128.76,"1,114","1,43,441.30",-,982,88.15
SUNDRMCLAY,EQ,01-02-2002,128.0,128.0,131.4,128.0,130.0,130.0,129.57,"1,096","1,42,004.85",-,"1,096",100.00
SUNDRMCLAY,EQ,04-02-2002,130.0,130.0,134.0,130.0,134.0,133.9,131.67,"2,269","2,98,758.85",-,"2,269",100.00
SUNDRMCLAY,EQ,05-02-2002,133.9,134.0,136.0,132.1,133.05,133.05,133.79,"1,385","1,85,292.50",-,"1,384",99.93
SUNDRMCLAY,EQ,06-02-2002,133.05,135.0,136.0,132.0,132.05,135.2,134.59,"1,469","1,97,709.50",-,"1,389",94.55
SUNDRMCLAY,EQ,07-02-2002,135.2,125.55,146.0,125.55,140.0,140.1,141.93,"3,131","4,44,389.20",-,"2,749",87.80
SUNDRMCLAY,EQ,08-02-2002,140.1,138.2,151.2,137.5,142.8,144.75,143.92,"3,357","4,83,153.50",-,"2,687",80.04
SUNDRMCLAY,EQ,11-02-2002,144.75,149.5,150.55,147.1,150.55,150.55,149.16,"2,459","3,66,782.10",-,"2,249",91.46
SUNDRMCLAY,EQ,12-02-2002,150.55,151.0,156.6,151.0,156.6,156.6,155.66,584,"90,904.20",-,584,100.00
SUNDRMCLAY,EQ,13-02-2002,156.6,161.9,161.9,152.0,155.0,153.1,155.89,"3,733","5,81,923.00",-,"3,463",92.77
SUNDRMCLAY,EQ,14-02-2002,153.1,155.0,156.0,150.0,150.0,150.45,153.13,"1,778","2,72,266.20",-,"1,434",80.65
SUNDRMCLAY,EQ,15-02-2002,150.45,150.0,156.5,150.0,150.0,151.45,153.49,"3,037","4,66,159.85",-,"1,898",62.50
SUNDRMCLAY,EQ,18-02-2002,151.45,150.1,150.1,145.55,147.2,146.95,147.24,574,"84,517.10",-,403,70.21
SUNDRMCLAY,EQ,19-02-2002,146.95,146.0,146.0,142.0,142.0,142.15,143.26,"1,408","2,01,714.00",-,"1,293",91.83
SUNDRMCLAY,EQ,20-02-2002,142.15,140.0,144.9,136.5,143.0,142.1,139.74,"4,774","6,67,141.65",-,-,-
SUNDRMCLAY,EQ,21-02-2002,142.1,140.6,145.0,140.1,144.0,144.1,143.01,"2,160","3,08,892.05",-,"1,985",91.90
SUNDRMCLAY,EQ,22-02-2002,144.1,144.5,145.05,141.75,145.0,144.8,144.25,"1,196","1,72,528.85",-,"1,186",99.16
SUNDRMCLAY,EQ,25-02-2002,144.8,146.0,152.0,133.55,150.05,150.05,149.42,"2,074","3,09,890.05",-,"1,930",93.06
SUNDRMCLAY,EQ,26-02-2002,150.05,153.0,153.0,145.0,151.0,150.65,150.07,"1,129","1,69,430.75",-,"1,028",91.05
SUNDRMCLAY,EQ,27-02-2002,150.65,150.0,150.5,145.0,147.0,147.15,146.98,"2,555","3,75,537.85",-,"2,204",86.26
SUNDRMCLAY,EQ,28-02-2002,147.15,148.0,151.5,140.0,151.5,147.75,146.51,"3,852","5,64,366.80",-,"3,146",81.67
SUNDRMCLAY,EQ,01-03-2002,147.75,146.05,150.75,145.0,150.75,150.25,149.1,"1,926","2,87,164.05",-,"1,617",83.96
SUNDRMCLAY,EQ,04-03-2002,150.25,152.0,162.3,146.0,162.3,162.3,158.82,"6,960","11,05,395.70",-,"6,920",99.43
SUNDRMCLAY,EQ,05-03-2002,162.3,160.0,175.3,160.0,169.6,170.15,169.73,"3,729","6,32,926.35",-,"2,818",75.57
SUNDRMCLAY,EQ,06-03-2002,170.15,178.0,178.0,162.1,164.0,164.0,169.91,"2,050","3,48,315.00",-,"1,651",80.54
SUNDRMCLAY,EQ,07-03-2002,164.0,168.5,170.0,165.3,166.3,166.3,166.51,"2,076","3,45,679.15",-,"1,770",85.26
SUNDRMCLAY,EQ,08-03-2002,166.3,171.0,171.0,166.3,166.5,166.7,167.65,"5,028","8,42,936.40",-,"3,785",75.28
SUNDRMCLAY,EQ,11-03-2002,166.7,170.0,170.0,161.15,161.55,161.55,164.19,"1,810","2,97,181.95",-,-,-
SUNDRMCLAY,EQ,12-03-2002,161.55,161.2,161.55,150.0,153.0,153.25,152.69,"2,529","3,86,141.20",-,"3,148",72.55
SUNDRMCLAY,EQ,13-03-2002,153.25,157.0,162.9,157.0,162.9,160.35,160.05,"2,016","3,22,668.30",-,"1,850",91.77
SUNDRMCLAY,EQ,14-03-2002,160.35,159.0,164.35,155.05,155.25,156.0,158.68,"5,992","9,50,816.25",-,"5,702",95.16
SUNDRMCLAY,EQ,15-03-2002,156.0,158.9,160.0,157.0,159.0,158.6,158.48,440,"69,729.50",-,340,77.27
SUNDRMCLAY,EQ,18-03-2002,158.6,158.5,161.95,155.0,155.0,155.3,158.42,"6,972","11,04,487.30",-,"6,712",96.27
SUNDRMCLAY,EQ,19-03-2002,155.3,155.0,156.0,155.0,155.0,155.2,155.39,"1,047","1,62,696.60",-,"1,047",100.00
SUNDRMCLAY,EQ,20-03-2002,155.2,153.0,158.0,153.0,155.0,157.15,155.01,"1,999","3,09,857.50",-,"1,723",86.19
SUNDRMCLAY,EQ,21-03-2002,157.15,148.7,161.0,148.7,160.0,160.55,159.37,"2,395","3,81,684.40",-,"2,232",93.19
SUNDRMCLAY,EQ,22-03-2002,160.55,160.0,160.0,157.0,157.0,157.0,157.4,641,"1,00,893.30",-,634,98.91
SUNDRMCLAY,EQ,26-03-2002,157.0,160.0,161.0,155.0,158.5,158.75,158.13,"1,268","2,00,505.45",-,"1,161",91.56
SUNDRMCLAY,EQ,27-03-2002,158.75,155.3,160.0,155.25,155.3,155.3,156.46,"1,808","2,82,879.95",-,"1,498",82.85
SUNDRMCLAY,EQ,28-03-2002,155.3,150.0,161.0,150.0,161.0,160.9,160.76,"10,195","16,38,980.90",-,"10,002",98.11
SUNDRMCLAY,EQ,01-04-2002,160.9,155.1,155.1,150.0,150.0,150.0,151.08,660,"99,714.50",-,560,84.85
SUNDRMCLAY,EQ,02-04-2002,150.0,152.1,159.0,152.0,158.0,158.0,153.56,"1,001","1,53,708.95",-,974,97.30
SUNDRMCLAY,EQ,03-04-2002,158.0,158.1,159.9,153.5,153.5,153.5,157.11,"1,676","2,63,309.10",-,"1,344",80.19
SUNDRMCLAY,EQ,04-04-2002,153.5,151.0,159.6,151.0,159.0,155.15,156.03,"1,864","2,90,838.50",-,"1,114",59.76
SUNDRMCLAY,EQ,05-04-2002,155.15,156.0,157.8,150.3,157.8,157.8,153.77,"6,168","9,48,452.00",-,"5,929",96.13
SUNDRMCLAY,EQ,08-04-2002,157.8,155.1,170.0,155.0,169.0,169.4,164.84,"3,036","5,00,458.50",-,"2,946",97.04
SUNDRMCLAY,EQ,09-04-2002,169.4,166.1,176.75,166.0,174.0,173.5,171.09,"9,041","15,46,855.10",-,"8,122",89.84
SUNDRMCLAY,EQ,10-04-2002,173.5,174.25,181.0,171.5,178.0,177.25,176.67,"11,218","19,81,916.05",-,"8,118",72.37
SUNDRMCLAY,EQ,11-04-2002,177.25,179.8,187.5,177.0,180.0,181.3,183.9,"5,435","9,99,484.80",-,"3,415",62.83
SUNDRMCLAY,EQ,12-04-2002,181.3,179.0,180.3,175.0,175.0,175.35,178.15,"3,837","6,83,574.65",-,"3,535",92.13
SUNDRMCLAY,EQ,15-04-2002,175.35,173.0,179.95,173.0,176.0,176.2,177.38,"1,183","2,09,843.25",-,"1,128",95.35
SUNDRMCLAY,EQ,16-04-2002,176.2,182.0,182.0,175.0,175.0,175.0,175.9,503,"88,480.00",-,-,-
SUNDRMCLAY,EQ,17-04-2002,175.0,178.95,185.0,176.05,182.0,179.7,181.81,"1,845","3,35,447.25",-,"1,640",88.89
SUNDRMCLAY,EQ,18-04-2002,179.7,180.0,186.0,178.0,183.0,181.35,180.97,"3,599","6,51,297.05",-,"2,266",62.96
SUNDRMCLAY,EQ,19-04-2002,181.35,180.1,182.75,179.95,179.95,179.95,180.3,795,"1,43,338.95",-,775,97.48
SUNDRMCLAY,EQ,22-04-2002,179.95,175.0,178.0,165.3,175.0,175.0,173.13,784,"1,35,731.55",-,709,90.43
SUNDRMCLAY,EQ,23-04-2002,175.0,175.0,175.0,167.0,175.0,174.9,173.35,733,"1,27,064.90",-,651,88.81
SUNDRMCLAY,EQ,24-04-2002,174.9,174.0,178.0,171.0,178.0,177.95,175.01,"1,859","3,25,341.55",-,-,-
SUNDRMCLAY,EQ,25-04-2002,177.95,173.2,177.95,173.2,175.0,175.05,175.55,677,"1,18,848.95",-,"2,336",92.11
SUNDRMCLAY,EQ,26-04-2002,175.05,174.5,185.0,173.7,178.0,179.5,179.9,"9,660","17,37,853.60",-,"9,273",95.99
SUNDRMCLAY,EQ,29-04-2002,179.5,193.0,197.45,185.0,197.45,197.45,194.94,"2,345","4,57,145.50",-,"2,295",97.87
SUNDRMCLAY,EQ,30-04-2002,197.45,205.0,217.2,205.0,214.0,214.4,214.82,"7,009","15,05,644.35",-,-,-
SUNDRMCLAY,EQ,02-05-2002,214.4,211.25,219.0,205.55,208.5,208.3,212.91,"2,481","5,28,235.55",-,"2,341",94.36
SUNDRMCLAY,EQ,03-05-2002,208.3,212.0,214.5,207.1,207.1,211.2,211.86,"4,327","9,16,726.20",-,"3,782",87.40
SUNDRMCLAY,EQ,06-05-2002,211.2,216.5,218.0,210.0,210.7,214.6,213.57,"2,494","5,32,637.95",-,"2,244",89.98
SUNDRMCLAY,EQ,07-05-2002,214.6,214.4,214.4,205.05,205.5,205.5,206.55,"1,413","2,91,858.00",-,"1,368",96.82
SUNDRMCLAY,EQ,08-05-2002,205.5,206.3,207.8,203.1,203.1,204.65,205.22,697,"1,43,035.00",-,687,98.57
SUNDRMCLAY,EQ,09-05-2002,204.65,201.0,201.0,195.0,198.0,198.0,197.42,564,"1,11,344.00",-,524,92.91
SUNDRMCLAY,EQ,10-05-2002,198.0,198.1,198.1,185.0,185.0,192.45,192.79,"2,088","4,02,548.85",-,"2,008",96.17
SUNDRMCLAY,EQ,13-05-2002,192.45,193.45,205.0,187.05,200.0,199.9,197.12,"1,715","3,38,061.45",-,"1,277",74.46
SUNDRMCLAY,EQ,14-05-2002,199.9,199.0,199.0,195.25,195.25,195.35,196.66,348,"68,436.60",-,290,83.33
SUNDRMCLAY,EQ,15-05-2002,195.35,194.9,197.85,190.25,192.5,192.5,193.06,881,"1,70,085.85",-,732,83.09
SUNDRMCLAY,EQ,16-05-2002,192.5,187.5,189.75,184.0,184.0,184.45,186.97,488,"91,240.75",-,488,100.00
SUNDRMCLAY,EQ,17-05-2002,184.45,190.0,190.0,174.0,174.95,174.95,179.0,"1,863","3,33,480.25",-,"1,334",71.60
SUNDRMCLAY,EQ,20-05-2002,174.95,184.0,185.0,165.0,170.15,170.25,176.75,"3,156","5,57,823.50",-,"1,079",34.19
SUNDRMCLAY,EQ,21-05-2002,170.25,170.0,170.0,154.55,167.9,167.9,163.02,932,"1,51,933.75",-,932,100.00
SUNDRMCLAY,EQ,22-05-2002,167.9,165.0,167.0,157.0,159.0,158.5,160.85,"1,040","1,67,287.30",-,690,66.35
SUNDRMCLAY,EQ,23-05-2002,158.5,157.0,163.0,156.5,163.0,161.95,159.4,780,"1,24,329.75",-,755,96.79
SUNDRMCLAY,EQ,24-05-2002,161.95,165.0,173.0,165.0,168.05,168.6,168.75,662,"1,11,715.50",-,661,99.85
SUNDRMCLAY,EQ,27-05-2002,168.6,171.0,175.0,171.0,172.0,173.55,172.49,800,"1,37,989.00",-,775,96.88
SUNDRMCLAY,EQ,28-05-2002,173.55,163.35,176.9,163.35,167.5,166.5,165.71,812,"1,34,557.65",-,642,79.06
SUNDRMCLAY,EQ,29-05-2002,166.5,162.5,168.9,162.5,165.6,167.4,165.76,478,"79,231.40",-,-,-
SUNDRMCLAY,EQ,30-05-2002,167.4,170.0,171.0,167.25,167.25,167.55,168.77,138,"23,290.00",-,-,-
SUNDRMCLAY,EQ,31-05-2002,167.55,168.15,168.15,160.0,160.0,164.35,166.96,569,"94,999.00",-,-,-
SUNDRMCLAY,EQ,03-06-2002,164.35,158.0,170.0,158.0,168.0,168.0,167.71,245,"41,089.25",-,225,91.84
SUNDRMCLAY,EQ,04-06-2002,168.0,168.0,168.0,168.0,168.0,168.0,168.0,100,"16,800.00",-,100,100.00
SUNDRMCLAY,EQ,05-06-2002,168.0,180.0,180.0,170.6,178.8,174.4,175.05,186,"32,559.60",-,170,91.40
SUNDRMCLAY,EQ,06-06-2002,174.4,180.0,180.0,171.5,174.0,174.0,174.62,532,"92,898.10",-,432,81.20
SUNDRMCLAY,EQ,07-06-2002,174.0,167.0,173.0,166.0,169.0,169.0,167.08,77,"12,865.00",-,76,98.70
SUNDRMCLAY,EQ,10-06-2002,169.0,175.0,179.9,170.0,170.0,170.0,174.09,298,"51,878.90",-,288,96.64
SUNDRMCLAY,EQ,11-06-2002,170.0,175.0,183.7,175.0,183.7,183.7,175.82,871,"1,53,135.50",-,871,100.00
SUNDRMCLAY,EQ,12-06-2002,183.7,187.0,197.0,180.0,186.0,186.0,188.99,769,"1,45,337.00",-,695,90.38
SUNDRMCLAY,EQ,13-06-2002,186.0,180.0,190.0,177.1,190.0,190.0,182.76,"1,717","3,13,798.55",-,"1,517",88.35
SUNDRMCLAY,EQ,14-06-2002,190.0,185.0,187.45,182.5,187.45,184.7,184.18,275,"50,648.75",-,275,100.00
SUNDRMCLAY,EQ,17-06-2002,184.7,192.0,195.0,187.0,190.0,190.05,190.67,259,"49,384.70",-,248,95.75
SUNDRMCLAY,EQ,18-06-2002,190.05,183.1,209.0,183.1,202.0,199.8,187.59,"50,405","94,55,535.55",-,"49,123",97.46
SUNDRMCLAY,EQ,19-06-2002,199.8,198.25,206.0,198.25,205.0,204.95,201.58,"3,047","6,14,213.00",-,"2,961",97.18
SUNDRMCLAY,EQ,20-06-2002,204.95,205.0,205.5,199.1,199.1,199.55,201.49,"3,844","7,74,544.15",-,"3,522",91.62
SUNDRMCLAY,EQ,21-06-2002,199.55,200.0,205.0,199.0,200.0,200.0,201.97,"2,684","5,42,087.00",-,"2,305",85.88
SUNDRMCLAY,EQ,24-06-2002,200.0,200.1,209.0,195.1,209.0,205.7,204.26,"1,441","2,94,339.05",-,"1,376",95.49
SUNDRMCLAY,EQ,25-06-2002,205.7,204.0,205.0,200.5,205.0,202.4,201.85,"1,098","2,21,634.95",-,928,84.52
SUNDRMCLAY,EQ,26-06-2002,202.4,199.0,199.0,195.0,198.0,197.4,196.79,"1,314","2,58,587.10",-,"1,314",100.00
SUNDRMCLAY,EQ,27-06-2002,197.4,198.0,200.0,198.0,198.0,198.0,198.39,77,"15,276.00",-,77,100.00
SUNDRMCLAY,EQ,28-06-2002,198.0,201.5,205.0,196.1,205.0,203.05,200.31,"1,891","3,78,778.70",-,"1,656",87.57
SUNDRMCLAY,EQ,01-07-2002,203.05,195.5,205.0,195.5,201.0,203.05,201.13,"2,282","4,58,985.70",-,"1,791",78.48
SUNDRMCLAY,EQ,02-07-2002,203.05,200.0,200.0,193.9,195.0,194.8,196.67,"4,757","9,35,562.10",-,"4,225",88.82
SUNDRMCLAY,EQ,03-07-2002,194.8,192.4,197.0,192.0,193.0,193.0,193.84,"3,438","6,66,415.30",-,"3,438",100.00
SUNDRMCLAY,EQ,04-07-2002,193.0,190.6,212.3,190.0,212.3,212.3,200.33,"91,947","1,84,19,403.45",-,"80,072",87.08
SUNDRMCLAY,EQ,05-07-2002,212.3,208.6,217.0,203.0,203.0,205.7,209.39,"15,794","33,07,040.85",-,"10,999",69.64
SUNDRMCLAY,EQ,08-07-2002,205.7,210.0,220.0,209.0,210.0,210.25,214.65,"13,859","29,74,768.50",-,"9,711",70.07
SUNDRMCLAY,EQ,09-07-2002,210.25,209.0,215.0,206.5,208.95,208.95,211.53,"8,777","18,56,639.35",-,"8,020",91.38
SUNDRMCLAY,EQ,10-07-2002,208.95,207.0,209.0,198.05,202.0,205.9,204.01,"7,869","16,05,362.05",-,"6,755",85.84
SUNDRMCLAY,EQ,11-07-2002,205.9,201.0,210.0,200.5,205.0,202.45,202.72,"17,331","35,13,348.55",-,"9,879",57.00
SUNDRMCLAY,EQ,12-07-2002,202.45,205.95,208.9,202.5,204.0,204.0,204.66,911,"1,86,444.55",-,911,100.00
SUNDRMCLAY,EQ,15-07-2002,204.0,199.0,207.5,199.0,207.5,205.9,202.79,"1,896","3,84,487.35",-,"1,594",84.07
SUNDRMCLAY,EQ,16-07-2002,205.9,204.4,206.95,201.0,201.05,201.15,204.46,"3,029","6,19,313.95",-,"2,969",98.02
SUNDRMCLAY,EQ,17-07-2002,201.15,201.0,202.0,195.15,200.0,199.65,199.04,"1,125","2,23,915.10",-,843,74.93
SUNDRMCLAY,EQ,18-07-2002,199.65,201.0,201.0,198.0,201.0,201.0,200.4,728,"1,45,894.00",-,728,100.00
SUNDRMCLAY,EQ,19-07-2002,201.0,201.0,202.8,200.1,200.1,200.1,200.79,575,"1,15,456.25",-,575,100.00
SUNDRMCLAY,EQ,22-07-2002,200.1,195.0,197.0,190.5,190.5,190.5,194.21,"8,146","15,82,065.50",-,"5,272",64.72
SUNDRMCLAY,EQ,23-07-2002,190.5,190.8,190.8,186.0,190.0,189.3,188.44,"4,151","7,82,196.65",-,"4,051",97.59
SUNDRMCLAY,EQ,24-07-2002,189.3,193.0,194.0,186.0,186.0,186.0,192.51,"1,860","3,58,065.00",-,"1,860",100.00
SUNDRMCLAY,EQ,25-07-2002,186.0,190.0,192.5,184.0,184.25,184.25,187.11,"1,800","3,36,802.00",-,"1,640",91.11
SUNDRMCLAY,EQ,26-07-2002,184.25,180.25,184.0,175.0,180.05,180.05,179.95,"2,235","4,02,177.60",-,"2,125",95.08
SUNDRMCLAY,EQ,29-07-2002,180.05,175.0,175.0,163.0,165.0,166.45,170.56,911,"1,55,376.80",-,751,82.44
SUNDRMCLAY,EQ,30-07-2002,166.45,170.0,170.0,163.0,163.0,163.6,168.36,"7,285","12,26,523.00",-,"7,095",97.39
SUNDRMCLAY,EQ,31-07-2002,163.6,165.0,165.0,159.0,160.0,160.0,159.99,"2,075","3,31,980.00",-,"2,075",100.00
SUNDRMCLAY,EQ,01-08-2002,160.0,169.0,172.0,164.05,165.0,165.0,169.87,"5,149","8,74,677.10",-,"5,149",100.00
SUNDRMCLAY,EQ,02-08-2002,165.0,164.95,174.0,164.95,174.0,172.9,168.33,447,"75,242.05",-,447,100.00
SUNDRMCLAY,EQ,05-08-2002,172.9,170.0,179.0,170.0,173.05,174.0,172.63,284,"49,026.10",-,207,72.89
SUNDRMCLAY,EQ,06-08-2002,174.0,178.4,180.0,174.0,180.0,177.45,177.45,720,"1,27,762.70",-,720,100.00
SUNDRMCLAY,EQ,07-08-2002,177.45,180.0,183.0,175.25,175.25,175.25,177.75,126,"22,396.50",-,126,100.00
SUNDRMCLAY,EQ,08-08-2002,175.25,180.0,182.0,180.0,180.1,180.1,180.28,895,"1,61,348.20",-,895,100.00
SUNDRMCLAY,EQ,09-08-2002,180.1,180.0,180.0,175.0,175.5,175.5,178.65,"1,076","1,92,228.75",-,"1,076",100.00
SUNDRMCLAY,EQ,12-08-2002,175.5,167.05,175.0,167.05,173.8,174.0,173.77,"2,031","3,52,933.00",-,"1,981",97.54
SUNDRMCLAY,EQ,13-08-2002,174.0,177.0,177.0,175.0,175.0,175.0,176.2,50,"8,810.00",-,50,100.00
SUNDRMCLAY,EQ,14-08-2002,175.0,175.0,179.0,170.0,173.0,173.0,173.8,857,"1,48,950.10",-,787,91.83
SUNDRMCLAY,EQ,16-08-2002,173.0,174.0,175.0,169.9,169.9,169.9,174.0,"2,386","4,15,161.20",-,"2,386",100.00
SUNDRMCLAY,EQ,19-08-2002,169.9,169.0,170.0,165.25,170.0,170.0,168.87,666,"1,12,467.50",-,566,84.98
SUNDRMCLAY,EQ,20-08-2002,170.0,170.0,172.0,170.0,172.0,172.0,170.1,239,"40,653.50",-,239,100.00
SUNDRMCLAY,EQ,21-08-2002,172.0,170.0,178.0,170.0,175.0,174.1,170.33,730,"1,24,338.80",-,729,99.86
SUNDRMCLAY,EQ,22-08-2002,174.1,175.0,175.0,170.3,175.0,174.65,174.18,"1,866","3,25,020.50",-,"1,845",98.87
SUNDRMCLAY,EQ,23-08-2002,174.65,167.6,174.0,167.6,174.0,171.15,170.34,691,"1,17,703.40",-,566,81.91
SUNDRMCLAY,EQ,26-08-2002,171.15,174.0,174.0,174.0,174.0,174.0,174.0,150,"26,100.00",-,150,100.00
SUNDRMCLAY,EQ,27-08-2002,174.0,169.0,173.0,165.2,167.5,168.65,169.95,"1,917","3,25,790.50",-,"1,760",91.81
SUNDRMCLAY,EQ,28-08-2002,168.65,169.95,170.0,164.1,170.0,170.0,169.73,444,"75,358.75",-,420,94.59
SUNDRMCLAY,EQ,29-08-2002,170.0,170.0,170.0,165.0,165.0,165.05,166.3,144,"23,946.50",-,94,65.28
SUNDRMCLAY,EQ,30-08-2002,165.05,165.0,172.5,165.0,172.5,172.2,169.97,465,"79,037.40",-,465,100.00
SUNDRMCLAY,EQ,02-09-2002,172.2,172.5,177.75,172.3,175.5,175.5,175.1,331,"57,956.50",-,175,52.87
SUNDRMCLAY,EQ,03-09-2002,175.5,175.0,175.0,171.0,175.0,175.0,174.18,286,"49,814.50",-,286,100.00
SUNDRMCLAY,EQ,04-09-2002,175.0,167.6,177.75,167.6,173.5,173.5,175.21,510,"89,356.50",-,455,89.22
SUNDRMCLAY,EQ,05-09-2002,173.5,172.5,177.0,172.5,176.5,176.0,174.13,"1,157","2,01,467.65",-,657,56.78
SUNDRMCLAY,EQ,06-09-2002,176.0,175.25,175.5,173.0,173.0,173.0,175.07,160,"28,011.25",-,160,100.00
SUNDRMCLAY,EQ,09-09-2002,173.0,170.0,172.5,170.0,172.2,172.2,170.2,"1,235","2,10,195.00",-,"1,185",95.95
SUNDRMCLAY,EQ,11-09-2002,172.2,171.0,172.0,167.4,169.05,169.6,169.67,"2,136","3,62,414.25",-,"1,557",72.89
SUNDRMCLAY,EQ,12-09-2002,169.6,168.0,170.0,167.5,168.6,168.6,169.48,241,"40,844.00",-,221,91.70
SUNDRMCLAY,EQ,13-09-2002,168.6,169.0,171.7,168.0,168.0,168.8,169.24,458,"77,510.90",-,402,87.77
SUNDRMCLAY,EQ,16-09-2002,168.8,165.1,170.9,165.0,165.0,165.0,166.43,"1,418","2,36,004.30",-,"1,216",85.75
SUNDRMCLAY,EQ,17-09-2002,165.0,165.0,165.5,163.5,163.55,163.55,164.87,"3,105","5,11,911.00",-,"3,105",100.00
SUNDRMCLAY,EQ,18-09-2002,163.55,164.05,165.0,163.0,164.5,164.5,163.72,740,"1,21,154.00",-,700,94.59
SUNDRMCLAY,EQ,19-09-2002,164.5,155.65,161.95,155.25,161.25,158.05,157.7,584,"92,096.85",-,366,62.67
SUNDRMCLAY,EQ,20-09-2002,158.05,156.25,163.3,156.25,163.3,157.2,157.23,202,"31,760.30",-,189,93.56
SUNDRMCLAY,EQ,23-09-2002,157.2,162.0,162.0,162.0,162.0,162.0,162.0,20,"3,240.00",-,20,100.00
SUNDRMCLAY,EQ,24-09-2002,162.0,161.0,164.0,158.3,164.0,163.95,161.04,255,"41,065.75",-,162,63.53
SUNDRMCLAY,EQ,25-09-2002,163.95,152.3,163.0,152.3,157.0,157.0,158.9,75,"11,917.40",-,71,94.67
SUNDRMCLAY,EQ,26-09-2002,157.0,160.0,160.0,158.0,158.05,158.9,158.78,565,"89,711.20",-,565,100.00
SUNDRMCLAY,EQ,27-09-2002,158.9,160.15,162.95,160.15,162.95,162.95,160.63,"2,035","3,26,882.30",-,-,-
SUNDRMCLAY,EQ,30-09-2002,162.95,164.95,164.95,156.65,160.5,159.5,159.86,426,"68,098.60",-,"2,311",93.90
SUNDRMCLAY,EQ,01-10-2002,159.5,160.5,163.0,159.05,163.0,159.45,160.7,566,"90,957.55",-,466,82.33
SUNDRMCLAY,EQ,03-10-2002,159.45,160.0,160.0,158.0,158.0,159.35,159.78,451,"72,059.95",-,451,100.00
SUNDRMCLAY,EQ,04-10-2002,159.35,158.0,158.0,152.7,153.4,153.4,154.36,323,"49,857.00",-,253,78.33
SUNDRMCLAY,EQ,07-10-2002,153.4,153.55,153.55,153.5,153.5,153.5,153.53,132,"20,265.30",-,66,50.00
SUNDRMCLAY,EQ,08-10-2002,153.5,154.0,160.95,152.25,155.15,156.5,154.97,382,"59,197.40",-,216,56.54
SUNDRMCLAY,EQ,09-10-2002,156.5,155.0,158.9,155.0,158.9,157.65,157.19,350,"55,015.00",-,150,42.86
SUNDRMCLAY,EQ,10-10-2002,157.65,158.0,158.0,158.0,158.0,158.0,158.0,100,"15,800.00",-,100,100.00
SUNDRMCLAY,EQ,11-10-2002,158.0,158.0,159.95,158.0,159.95,159.95,159.17,332,"52,846.00",-,332,100.00
SUNDRMCLAY,EQ,14-10-2002,159.95,154.0,157.9,154.0,157.9,157.9,156.57,75,"11,742.50",-,50,66.67
SUNDRMCLAY,EQ,16-10-2002,157.9,160.0,160.0,155.2,160.0,160.0,157.37,773,"1,21,643.20",-,557,72.06
SUNDRMCLAY,EQ,17-10-2002,160.0,158.0,160.0,158.0,160.0,159.65,159.52,650,"1,03,689.15",-,550,84.62
SUNDRMCLAY,EQ,21-10-2002,159.65,156.0,158.5,155.0,155.0,155.0,155.83,"1,180","1,83,885.00",-,"1,180",100.00
SUNDRMCLAY,EQ,22-10-2002,155.0,158.45,159.95,158.45,159.0,159.25,159.3,"1,919","3,05,688.80",-,"1,918",99.95
SUNDRMCLAY,EQ,23-10-2002,159.25,151.0,156.0,151.0,154.5,155.0,153.91,254,"39,093.60",-,171,67.32
SUNDRMCLAY,EQ,24-10-2002,155.0,154.15,158.95,154.0,154.0,154.3,154.1,"1,161","1,78,906.65",-,"1,050",90.44
SUNDRMCLAY,EQ,25-10-2002,154.3,157.8,157.9,153.3,156.95,156.95,157.42,120,"18,889.90",-,100,83.33
SUNDRMCLAY,EQ,28-10-2002,156.95,157.9,160.95,154.1,160.95,159.0,156.63,"2,437","3,81,717.25",-,"2,207",90.56
SUNDRMCLAY,EQ,29-10-2002,159.0,154.5,156.0,149.65,149.65,150.5,151.36,"2,415","3,65,542.65",-,"2,265",93.79
SUNDRMCLAY,EQ,30-10-2002,150.5,153.5,153.5,153.5,153.5,153.5,153.5,10,"1,535.00",-,10,100.00
SUNDRMCLAY,EQ,31-10-2002,153.5,150.1,155.95,150.1,155.95,155.95,150.74,92,"13,867.70",-,92,100.00
SUNDRMCLAY,EQ,01-11-2002,155.95,153.0,155.95,153.0,155.75,155.75,154.61,282,"43,600.50",-,-,-
SUNDRMCLAY,EQ,04-11-2002,155.75,156.95,156.95,152.0,152.0,152.0,153.31,226,"34,649.00",-,508,100.00
SUNDRMCLAY,EQ,05-11-2002,152.0,150.05,151.5,148.25,151.2,151.3,150.48,"2,486","3,74,084.00",-,"2,436",97.99
SUNDRMCLAY,EQ,07-11-2002,151.3,154.95,154.95,151.0,151.0,151.15,151.42,580,"87,823.00",-,534,92.07
SUNDRMCLAY,EQ,08-11-2002,151.15,153.5,155.45,153.5,155.45,155.45,154.41,180,"27,794.50",-,180,100.00
SUNDRMCLAY,EQ,11-11-2002,155.45,147.6,154.4,147.6,154.4,154.4,153.2,214,"32,783.75",-,107,50.00
SUNDRMCLAY,EQ,12-11-2002,154.4,153.95,154.0,153.0,153.05,153.05,153.88,492,"75,708.60",-,492,100.00
SUNDRMCLAY,EQ,13-11-2002,153.05,153.0,157.5,152.0,153.8,153.25,155.16,709,"1,10,006.40",-,681,96.05
SUNDRMCLAY,EQ,14-11-2002,153.25,153.0,154.7,151.65,151.65,151.65,152.47,132,"20,126.30",-,127,96.21
SUNDRMCLAY,EQ,15-11-2002,151.65,150.05,155.0,150.05,155.0,155.0,154.26,991,"1,52,869.60",-,891,89.91
SUNDRMCLAY,EQ,18-11-2002,155.0,156.05,156.05,152.55,152.65,152.65,154.83,432,"66,887.85",-,375,86.81
SUNDRMCLAY,EQ,20-11-2002,152.65,155.0,158.9,153.5,153.6,153.6,155.45,676,"1,05,087.15",-,546,80.77
SUNDRMCLAY,EQ,21-11-2002,153.6,153.05,157.9,153.0,155.9,156.6,154.41,"6,886","10,63,272.35",-,"6,727",97.69
SUNDRMCLAY,EQ,22-11-2002,156.6,159.25,159.85,156.0,158.05,159.1,158.25,395,"62,509.25",-,380,96.20
SUNDRMCLAY,EQ,25-11-2002,159.1,158.95,164.05,158.95,164.05,163.55,161.65,"1,725","2,78,852.80",-,"1,691",98.03
SUNDRMCLAY,EQ,26-11-2002,163.55,164.05,170.0,163.05,167.8,169.05,168.23,"3,089","5,19,653.50",-,"2,037",65.94
SUNDRMCLAY,EQ,27-11-2002,169.05,171.0,173.0,168.5,170.0,170.0,170.28,616,"1,04,895.50",-,566,91.88
SUNDRMCLAY,EQ,28-11-2002,170.0,169.5,174.9,169.5,173.0,172.3,171.7,792,"1,35,983.45",-,742,93.69
SUNDRMCLAY,EQ,29-11-2002,172.3,170.0,180.0,168.0,180.0,175.9,175.36,"3,365","5,90,072.90",-,"3,034",90.16
SUNDRMCLAY,EQ,02-12-2002,175.9,181.05,190.0,181.05,186.15,189.35,187.38,"2,529","4,73,895.80",-,"2,255",89.17
SUNDRMCLAY,EQ,03-12-2002,189.35,183.05,185.0,183.0,183.0,183.0,183.73,678,"1,24,572.00",-,678,100.00
SUNDRMCLAY,EQ,04-12-2002,183.0,178.0,180.0,175.0,178.0,177.25,176.93,"1,330","2,35,319.10",-,"1,091",82.03
SUNDRMCLAY,EQ,05-12-2002,177.25,175.9,181.0,174.25,181.0,181.0,174.88,758,"1,32,556.25",-,758,100.00
SUNDRMCLAY,EQ,06-12-2002,181.0,180.0,185.0,177.0,180.0,180.0,180.2,"1,157","2,08,493.20",-,"1,157",100.00
SUNDRMCLAY,EQ,09-12-2002,180.0,180.0,190.0,176.5,182.6,182.6,186.31,"2,182","4,06,536.95",-,"1,757",80.52
SUNDRMCLAY,EQ,10-12-2002,182.6,180.0,185.0,176.0,185.0,183.3,179.63,761,"1,36,699.90",-,726,95.40
SUNDRMCLAY,EQ,11-12-2002,183.3,185.0,190.0,185.0,185.0,185.0,186.66,"2,778","5,18,538.85",-,"2,060",74.15
SUNDRMCLAY,EQ,12-12-2002,185.0,179.0,181.95,175.55,178.5,179.9,178.32,"1,222","2,17,905.10",-,786,64.32
SUNDRMCLAY,EQ,13-12-2002,179.9,184.95,184.95,181.0,181.0,181.0,181.07,186,"33,678.85",-,185,99.46
SUNDRMCLAY,EQ,16-12-2002,181.0,179.0,182.0,179.0,180.0,180.0,180.26,677,"1,22,038.45",-,648,95.72
SUNDRMCLAY,EQ,17-12-2002,180.0,178.3,183.95,178.0,181.05,180.7,179.95,"1,485","2,67,232.50",-,"1,335",89.90
SUNDRMCLAY,EQ,18-12-2002,180.7,183.05,183.5,177.05,180.5,180.5,180.95,"4,256","7,70,140.40",-,"3,941",92.60
SUNDRMCLAY,EQ,19-12-2002,180.5,182.0,189.75,180.1,183.85,183.85,185.04,"1,306","2,41,658.15",-,"1,206",92.34
SUNDRMCLAY,EQ,20-12-2002,183.85,181.75,182.0,180.5,182.0,182.0,181.11,217,"39,301.60",-,217,100.00
SUNDRMCLAY,EQ,23-12-2002,182.0,182.0,186.0,181.05,181.5,181.5,181.85,"1,155","2,10,041.00",-,"1,035",89.61
SUNDRMCLAY,EQ,24-12-2002,181.5,183.95,183.95,181.1,181.1,181.1,181.21,26,"4,711.45",-,25,96.15
SUNDRMCLAY,EQ,26-12-2002,181.1,180.0,183.9,180.0,182.0,182.0,182.15,663,"1,20,767.20",-,534,80.54
SUNDRMCLAY,EQ,27-12-2002,182.0,181.0,185.0,181.0,184.0,184.0,183.09,"1,193","2,18,430.70",-,863,72.34
SUNDRMCLAY,EQ,30-12-2002,184.0,181.55,182.0,181.0,181.0,181.7,181.64,196,"35,602.30",-,180,91.84
SUNDRMCLAY,EQ,31-12-2002,181.7,185.0,188.95,182.5,183.0,183.0,187.52,476,"89,257.95",-,466,97.90
SUNDRMCLAY,EQ,01-01-2003,183.0,183.2,187.0,183.0,187.0,186.35,185.17,232,"42,960.00",-,232,100.00
SUNDRMCLAY,EQ,02-01-2003,186.35,180.0,189.0,180.0,183.05,183.05,183.06,276,"50,525.50",-,134,48.55
SUNDRMCLAY,EQ,03-01-2003,183.05,185.0,185.0,185.0,185.0,185.0,185.0,222,"41,070.00",-,222,100.00
SUNDRMCLAY,EQ,06-01-2003,185.0,185.0,187.0,182.0,183.0,182.9,183.11,"2,696","4,93,663.00",-,"2,566",95.18
SUNDRMCLAY,EQ,07-01-2003,182.9,183.3,188.4,183.3,186.1,186.1,184.91,"1,079","1,99,515.70",-,811,75.16
SUNDRMCLAY,EQ,08-01-2003,186.1,189.75,189.75,184.25,185.0,185.0,186.11,949,"1,76,619.70",-,716,75.45
SUNDRMCLAY,EQ,09-01-2003,185.0,186.0,203.0,186.0,200.0,201.35,196.58,"2,735","5,37,652.90",-,"2,350",85.92
SUNDRMCLAY,EQ,10-01-2003,201.35,195.25,205.0,194.1,194.15,194.15,197.29,"1,681","3,31,651.50",-,"1,248",74.24
SUNDRMCLAY,EQ,13-01-2003,194.15,194.0,199.95,185.1,199.0,199.0,197.81,"3,124","6,17,965.90",-,"2,836",90.78
SUNDRMCLAY,EQ,14-01-2003,199.0,201.0,201.0,199.0,200.0,200.0,199.89,"1,206","2,41,069.00",-,"1,206",100.00
SUNDRMCLAY,EQ,15-01-2003,200.0,202.75,205.0,195.5,200.0,198.95,201.06,953,"1,91,611.20",-,918,96.33
SUNDRMCLAY,EQ,16-01-2003,198.95,196.0,202.0,196.0,200.5,200.5,199.94,"1,615","3,22,897.75",-,870,53.87
SUNDRMCLAY,EQ,17-01-2003,200.5,200.0,206.0,199.05,200.0,200.0,200.61,"4,261","8,54,815.40",-,"3,782",88.76
SUNDRMCLAY,EQ,20-01-2003,200.0,200.0,205.0,200.0,202.5,202.5,202.85,"4,768","9,67,172.20",-,"3,641",76.36
SUNDRMCLAY,EQ,21-01-2003,202.5,202.0,205.0,202.0,203.0,203.0,202.95,"1,700","3,45,014.00",-,"1,700",100.00
SUNDRMCLAY,EQ,22-01-2003,203.0,207.0,208.0,197.5,197.5,199.1,200.53,"2,120","4,25,117.40",-,"2,026",95.57
SUNDRMCLAY,EQ,23-01-2003,199.1,198.0,199.5,195.5,197.0,197.0,197.58,811,"1,60,237.90",-,729,89.89
SUNDRMCLAY,EQ,24-01-2003,197.0,195.5,199.0,189.0,195.5,197.0,194.44,"2,747","5,34,126.10",-,"2,389",86.97
SUNDRMCLAY,EQ,27-01-2003,197.0,197.0,200.3,192.0,192.1,192.1,197.48,"9,159","18,08,711.10",-,"6,143",67.07
SUNDRMCLAY,EQ,28-01-2003,192.1,197.0,198.0,190.0,193.0,193.0,193.21,196,"37,868.90",-,162,82.65
SUNDRMCLAY,EQ,29-01-2003,193.0,194.5,197.0,190.25,190.25,190.9,193.52,866,"1,67,586.75",-,665,76.79
SUNDRMCLAY,EQ,30-01-2003,190.9,190.0,192.9,185.5,192.0,190.05,189.31,599,"1,13,394.50",-,585,97.66
SUNDRMCLAY,EQ,31-01-2003,190.05,186.05,192.0,186.05,192.0,190.65,190.1,931,"1,76,983.40",-,905,97.21
SUNDRMCLAY,EQ,03-02-2003,190.65,190.0,194.0,190.0,192.75,192.75,192.51,589,"1,13,386.85",-,589,100.00
SUNDRMCLAY,EQ,04-02-2003,192.75,192.5,199.0,192.3,192.8,192.8,194.4,"3,284","6,38,420.00",-,"3,117",94.91
SUNDRMCLAY,EQ,05-02-2003,192.8,192.0,192.0,189.6,191.0,191.0,190.4,207,"39,412.00",-,207,100.00
SUNDRMCLAY,EQ,07-02-2003,191.0,185.0,193.0,185.0,190.55,190.55,190.12,714,"1,35,746.55",-,605,84.73
SUNDRMCLAY,EQ,10-02-2003,190.55,190.0,190.0,188.0,188.75,188.8,189.27,462,"87,443.00",-,462,100.00
SUNDRMCLAY,EQ,11-02-2003,188.8,190.2,190.2,188.0,188.0,188.2,189.55,437,"82,834.90",-,437,100.00
SUNDRMCLAY,EQ,12-02-2003,188.2,185.05,186.0,180.3,185.0,185.5,184.73,525,"96,983.10",-,525,100.00
SUNDRMCLAY,EQ,14-02-2003,185.5,185.1,185.1,185.1,185.1,185.1,185.1,107,"19,805.70",-,107,100.00
SUNDRMCLAY,EQ,17-02-2003,185.1,186.0,190.0,186.0,187.5,187.5,188.85,308,"58,165.00",-,308,100.00
SUNDRMCLAY,EQ,18-02-2003,187.5,187.3,191.25,187.3,191.25,191.25,190.54,832,"1,58,528.00",-,666,80.05
SUNDRMCLAY,EQ,19-02-2003,191.25,186.55,198.4,186.55,196.0,196.3,194.2,"1,553","3,01,600.20",-,"1,138",73.28
SUNDRMCLAY,EQ,20-02-2003,196.3,191.0,198.0,190.05,197.0,196.2,195.2,986,"1,92,468.20",-,961,97.46
SUNDRMCLAY,EQ,21-02-2003,196.2,192.2,201.7,192.2,201.5,199.55,198.84,"1,864","3,70,635.80",-,"1,728",92.70
SUNDRMCLAY,EQ,24-02-2003,199.55,200.0,214.9,200.0,214.0,212.05,207.97,"5,817","12,09,784.20",-,"4,312",74.13
SUNDRMCLAY,EQ,25-02-2003,212.05,211.5,214.0,202.0,208.0,206.4,208.86,"3,974","8,30,001.70",-,"3,168",79.72
SUNDRMCLAY,EQ,26-02-2003,206.4,202.05,204.0,202.0,204.0,204.0,202.79,396,"80,303.50",-,342,86.36
SUNDRMCLAY,EQ,27-02-2003,204.0,201.05,205.0,201.05,205.0,205.0,203.9,218,"44,450.35",-,210,96.33
SUNDRMCLAY,EQ,28-02-2003,205.0,210.0,210.0,201.75,202.0,202.0,202.67,600,"1,21,599.85",-,577,96.17
SUNDRMCLAY,EQ,03-03-2003,202.0,205.0,205.0,202.0,202.1,202.25,203.7,565,"1,15,088.65",-,497,87.96
SUNDRMCLAY,EQ,04-03-2003,202.25,200.1,202.0,198.5,200.0,200.0,200.85,"5,025","10,09,272.00",-,"4,925",98.01
SUNDRMCLAY,EQ,05-03-2003,200.0,199.0,199.5,196.0,199.5,199.5,199.01,282,"56,120.00",-,282,100.00
SUNDRMCLAY,EQ,06-03-2003,199.5,198.0,200.0,195.25,195.25,195.65,197.82,625,"1,23,638.25",-,553,88.48
SUNDRMCLAY,EQ,07-03-2003,195.65,195.25,195.25,193.5,193.5,194.85,194.22,855,"1,66,061.50",-,855,100.00
SUNDRMCLAY,EQ,10-03-2003,194.85,189.9,196.5,186.0,188.05,188.05,192.55,"1,086","2,09,113.90",-,911,83.89
SUNDRMCLAY,EQ,11-03-2003,188.05,187.0,192.9,187.0,190.0,190.05,189.43,467,"88,461.60",-,391,83.73
SUNDRMCLAY,EQ,12-03-2003,190.05,190.0,194.5,190.0,191.15,191.35,190.76,407,"77,641.35",-,205,50.37
SUNDRMCLAY,EQ,13-03-2003,191.35,191.15,191.15,188.15,188.15,188.9,189.04,164,"31,003.10",-,82,50.00
SUNDRMCLAY,EQ,17-03-2003,188.9,189.0,189.95,181.0,189.95,189.95,186.99,321,"60,022.90",-,232,72.27
SUNDRMCLAY,EQ,19-03-2003,189.95,185.0,189.0,184.0,189.0,187.75,186.04,523,"97,298.50",-,363,69.41
SUNDRMCLAY,EQ,20-03-2003,187.75,186.5,190.0,186.5,189.95,189.9,188.58,812,"1,53,128.65",-,729,89.78
SUNDRMCLAY,EQ,21-03-2003,189.9,188.0,193.0,184.65,190.0,190.05,189.14,676,"1,27,861.00",-,402,59.47
SUNDRMCLAY,EQ,22-03-2003,190.05,193.0,193.0,191.0,191.0,191.05,191.81,390,"74,806.00",-,270,69.23
SUNDRMCLAY,EQ,24-03-2003,191.05,187.55,194.75,187.2,189.0,189.0,188.33,386,"72,695.00",-,232,60.10
SUNDRMCLAY,EQ,25-03-2003,189.0,190.0,190.0,187.8,187.8,188.1,188.51,370,"69,747.20",-,370,100.00
SUNDRMCLAY,EQ,26-03-2003,188.1,190.0,194.0,183.5,183.5,185.05,190.87,717,"1,36,854.15",-,579,80.75
SUNDRMCLAY,EQ,27-03-2003,185.05,178.5,191.45,177.1,183.9,185.45,184.4,699,"1,28,896.35",-,457,65.38
SUNDRMCLAY,EQ,28-03-2003,185.45,181.8,182.1,181.75,182.1,182.1,181.98,166,"30,208.00",-,116,69.88
SUNDRMCLAY,EQ,31-03-2003,182.1,186.0,186.0,180.0,184.0,183.25,183.99,"5,249","9,65,771.10",-,"5,200",99.07
SUNDRMCLAY,EQ,01-04-2003,183.25,182.9,185.5,178.4,183.05,183.05,185.43,"7,744","14,35,964.90",-,"7,743",99.99
SUNDRMCLAY,EQ,02-04-2003,183.05,179.0,186.0,172.3,184.0,184.45,183.13,423,"77,463.40",-,264,62.41
SUNDRMCLAY,EQ,03-04-2003,184.45,178.2,187.65,178.2,182.5,182.5,181.2,464,"84,075.45",-,235,50.65
SUNDRMCLAY,EQ,04-04-2003,182.5,188.45,192.0,186.0,186.0,186.0,189.17,174,"32,916.40",-,158,90.80
SUNDRMCLAY,EQ,07-04-2003,186.0,185.15,203.0,185.15,203.0,198.55,195.08,"2,086","4,06,945.10",-,"1,610",77.18
SUNDRMCLAY,EQ,08-04-2003,198.55,184.0,194.15,184.0,191.8,193.6,184.93,"5,518","10,20,424.60",-,"5,518",100.00
SUNDRMCLAY,EQ,09-04-2003,193.6,192.0,195.0,192.0,195.0,195.0,193.5,50,"9,675.00",-,25,50.00
SUNDRMCLAY,EQ,10-04-2003,195.0,185.0,185.0,183.0,183.5,183.5,183.91,150,"27,586.50",-,150,100.00
SUNDRMCLAY,EQ,11-04-2003,183.5,190.0,190.0,184.5,190.0,190.0,186.44,"11,314","21,09,352.00",-,"11,314",100.00
SUNDRMCLAY,EQ,15-04-2003,190.0,188.0,192.25,187.55,192.25,191.0,190.14,336,"63,887.40",-,175,52.08
SUNDRMCLAY,EQ,16-04-2003,191.0,188.5,190.0,188.5,190.0,190.0,188.97,83,"15,684.65",-,83,100.00
SUNDRMCLAY,EQ,17-04-2003,190.0,190.0,194.05,187.9,188.05,188.1,189.89,"1,369","2,59,961.05",-,"1,293",94.45
SUNDRMCLAY,EQ,21-04-2003,188.1,191.0,195.0,190.0,191.0,191.45,190.24,"10,861","20,66,215.95",-,"10,640",97.97
SUNDRMCLAY,EQ,22-04-2003,191.45,200.0,200.0,188.5,189.1,190.45,192.16,"1,344","2,58,263.60",-,"1,329",98.88
SUNDRMCLAY,EQ,23-04-2003,190.45,190.0,190.0,188.0,189.0,189.35,189.04,"1,190","2,24,952.00",-,"1,187",99.75
SUNDRMCLAY,EQ,24-04-2003,189.35,190.0,190.0,189.0,190.0,189.95,189.42,515,"97,552.75",-,460,89.32
SUNDRMCLAY,EQ,25-04-2003,189.95,188.0,198.75,185.2,188.9,188.25,189.46,"3,991","7,56,150.85",-,"3,237",81.11
SUNDRMCLAY,EQ,28-04-2003,188.25,193.0,193.0,190.1,192.95,192.95,191.3,674,"1,28,937.65",-,670,99.41
SUNDRMCLAY,EQ,29-04-2003,192.95,190.0,203.5,190.0,200.1,200.1,198.99,"2,411","4,79,754.40",-,"2,382",98.80
SUNDRMCLAY,EQ,30-04-2003,200.1,200.0,219.9,200.0,208.4,208.85,209.66,"6,411","13,44,099.30",-,"5,505",85.87
SUNDRMCLAY,EQ,02-05-2003,208.85,208.0,228.0,207.0,223.5,226.25,220.4,"9,041","19,92,612.35",-,"7,961",88.05
SUNDRMCLAY,EQ,05-05-2003,226.25,226.0,230.0,223.9,224.5,224.8,227.13,"3,121","7,08,860.70",-,"2,817",90.26
SUNDRMCLAY,EQ,06-05-2003,224.8,222.5,224.8,218.0,219.95,218.65,222.1,"1,915","4,25,325.05",-,"1,600",83.55
SUNDRMCLAY,EQ,07-05-2003,218.65,218.05,222.1,215.0,222.0,222.0,220.2,"5,156","11,35,336.65",-,"4,253",82.49
SUNDRMCLAY,EQ,08-05-2003,222.0,221.0,234.5,221.0,230.25,230.85,229.77,"4,929","11,32,519.40",-,"4,164",84.48
SUNDRMCLAY,EQ,09-05-2003,230.85,232.0,253.95,232.0,253.95,253.95,243.94,"36,686","89,49,343.85",-,"33,926",92.48
SUNDRMCLAY,EQ,12-05-2003,253.95,259.0,279.35,256.0,279.35,279.35,269.6,"22,599","60,92,626.85",-,"17,823",78.87
SUNDRMCLAY,EQ,13-05-2003,279.35,282.0,290.0,255.15,261.0,260.15,271.4,"31,879","86,52,040.45",-,"18,806",58.99
SUNDRMCLAY,EQ,14-05-2003,260.15,265.0,279.9,263.05,271.9,268.9,272.36,"14,455","39,36,949.10",-,"8,501",58.81
SUNDRMCLAY,EQ,15-05-2003,268.9,271.45,271.9,262.5,268.45,268.45,268.18,"6,485","17,39,177.25",-,"2,616",40.34
SUNDRMCLAY,EQ,16-05-2003,268.45,267.0,281.5,267.0,270.05,270.85,274.88,"17,066","46,91,072.35",-,"12,440",72.89
SUNDRMCLAY,EQ,19-05-2003,270.85,276.45,276.45,265.3,265.6,266.05,272.42,"4,562","12,42,789.90",-,"3,456",75.76
SUNDRMCLAY,EQ,20-05-2003,266.05,268.0,268.0,264.0,266.0,265.85,265.63,"1,563","4,15,174.75",-,995,63.66
SUNDRMCLAY,EQ,21-05-2003,265.85,266.0,267.5,258.0,266.9,263.4,263.04,"5,627","14,80,143.55",-,"4,974",88.40
SUNDRMCLAY,EQ,22-05-2003,263.4,262.0,267.5,256.3,267.5,265.2,261.61,"7,291","19,07,370.85",-,"6,779",92.98
SUNDRMCLAY,EQ,23-05-2003,265.2,267.0,277.9,265.0,277.0,273.4,271.15,"7,189","19,49,308.10",-,"5,459",75.94
SUNDRMCLAY,EQ,26-05-2003,273.4,272.0,287.1,270.15,287.1,287.1,283.21,"5,316","15,05,537.60",-,"4,117",77.45
SUNDRMCLAY,EQ,27-05-2003,287.1,290.0,294.5,280.0,294.5,292.3,290.45,"12,601","36,59,969.05",-,"9,786",77.66
SUNDRMCLAY,EQ,28-05-2003,292.3,285.1,304.0,285.1,300.0,300.85,299.23,"5,940","17,77,399.35",-,"4,618",77.74
SUNDRMCLAY,EQ,29-05-2003,300.85,297.0,310.0,294.0,297.25,300.15,301.64,"10,390","31,34,083.15",-,"4,749",45.71
SUNDRMCLAY,EQ,30-05-2003,300.15,299.0,299.0,285.15,290.25,290.8,291.58,"3,262","9,51,127.60",-,"2,664",81.67
SUNDRMCLAY,EQ,02-06-2003,290.8,295.0,295.0,280.0,280.0,280.0,283.25,"6,230","17,64,647.75",-,"4,849",77.83
SUNDRMCLAY,EQ,03-06-2003,280.0,284.95,284.95,276.2,280.0,279.2,278.26,"2,252","6,26,648.90",-,"1,350",59.95
SUNDRMCLAY,EQ,04-06-2003,279.2,280.0,282.6,276.25,281.4,279.75,280.32,"3,576","10,02,417.75",-,"2,897",81.01
SUNDRMCLAY,EQ,05-06-2003,279.75,282.95,283.0,277.1,281.0,278.9,281.39,"3,367","9,47,440.70",-,"3,057",90.79
SUNDRMCLAY,EQ,06-06-2003,278.9,279.6,288.9,279.25,284.5,286.15,282.92,"3,096","8,75,926.95",-,"2,785",89.95
SUNDRMCLAY,EQ,09-06-2003,286.15,282.95,289.0,280.0,288.0,286.55,284.41,"1,089","3,09,724.00",-,978,89.81
SUNDRMCLAY,EQ,10-06-2003,286.55,290.0,300.9,290.0,300.0,300.0,298.98,"8,605","25,72,706.85",-,"6,991",81.24
SUNDRMCLAY,EQ,11-06-2003,300.0,305.0,305.8,298.05,301.3,300.05,302.07,"3,865","11,67,486.90",-,"2,919",75.52
SUNDRMCLAY,EQ,12-06-2003,300.05,300.1,302.0,287.0,292.85,290.4,296.01,"3,685","10,90,799.20",-,"2,812",76.31
SUNDRMCLAY,EQ,13-06-2003,290.4,293.0,295.0,286.0,286.0,288.95,290.76,"1,211","3,52,116.35",-,790,65.24
SUNDRMCLAY,EQ,16-06-2003,288.95,291.9,295.0,281.0,288.0,289.65,289.49,"7,178","20,77,969.00",-,"6,943",96.73
SUNDRMCLAY,EQ,17-06-2003,289.65,286.05,295.9,286.0,295.9,293.9,291.88,"2,784","8,12,595.90",-,"2,616",93.97
SUNDRMCLAY,EQ,18-06-2003,293.9,291.0,308.6,291.0,308.6,308.6,304.51,"6,990","21,28,556.35",-,"5,945",85.05
SUNDRMCLAY,EQ,19-06-2003,308.6,303.1,318.0,303.1,316.5,315.55,314.46,"13,539","42,57,427.55",-,"12,010",88.71
SUNDRMCLAY,EQ,20-06-2003,315.55,312.0,312.95,300.0,305.25,305.95,306.52,"3,802","11,65,372.85",-,"3,482",91.58
SUNDRMCLAY,EQ,23-06-2003,305.95,311.85,312.0,307.45,308.95,310.85,309.77,"5,542","17,16,732.95",-,"4,267",76.99
SUNDRMCLAY,EQ,24-06-2003,310.85,307.0,310.7,304.45,307.45,306.35,306.13,564,"1,72,654.80",-,441,78.19
SUNDRMCLAY,EQ,25-06-2003,306.35,305.95,308.75,304.15,308.75,307.55,307.33,"6,587","20,24,385.20",-,"6,236",94.67
SUNDRMCLAY,EQ,26-06-2003,307.55,310.0,310.0,305.5,310.0,307.55,307.19,"1,276","3,91,980.35",-,"1,076",84.33
SUNDRMCLAY,EQ,27-06-2003,307.55,304.5,310.75,303.25,310.5,308.95,307.89,"4,311","13,27,292.40",-,"3,997",92.72
SUNDRMCLAY,EQ,30-06-2003,308.95,305.6,320.0,305.55,314.5,314.5,312.34,"9,428","29,44,766.75",-,"7,976",84.60
SUNDRMCLAY,EQ,01-07-2003,314.5,316.95,322.0,310.2,317.0,316.95,315.79,"5,919","18,69,149.00",-,"5,076",85.76
SUNDRMCLAY,EQ,02-07-2003,316.95,310.0,332.8,310.0,330.05,331.45,324.79,"5,670","18,41,572.65",-,"4,904",86.49
SUNDRMCLAY,EQ,03-07-2003,331.45,330.05,330.5,327.0,327.0,327.2,328.31,"3,107","10,20,049.70",-,"2,566",82.59
SUNDRMCLAY,EQ,04-07-2003,327.2,327.1,328.0,325.0,328.0,327.0,325.66,"2,626","8,55,191.30",-,"2,593",98.74
SUNDRMCLAY,EQ,07-07-2003,327.0,318.0,322.0,316.5,321.0,320.1,319.39,"3,034","9,69,023.45",-,"2,757",90.87
SUNDRMCLAY,EQ,08-07-2003,320.1,320.0,328.0,320.0,320.0,320.55,323.69,"4,913","15,90,311.90",-,"4,489",91.37
SUNDRMCLAY,EQ,09-07-2003,320.55,320.05,336.6,320.0,334.5,334.9,330.4,"8,062","26,63,667.70",-,"5,487",68.06
SUNDRMCLAY,EQ,10-07-2003,334.9,331.5,345.0,330.05,342.0,342.15,338.43,"4,672","15,81,161.10",-,"3,184",68.15
SUNDRMCLAY,EQ,11-07-2003,342.15,353.0,353.0,332.1,335.05,336.5,340.15,"4,255","14,47,344.15",-,"2,999",70.48
SUNDRMCLAY,EQ,14-07-2003,336.5,333.0,342.0,332.0,337.1,337.3,337.62,"2,384","8,04,875.55",-,"2,202",92.37
SUNDRMCLAY,EQ,15-07-2003,337.3,330.0,345.0,330.0,345.0,340.65,339.49,"3,585","12,17,067.95",-,"3,300",92.05
SUNDRMCLAY,EQ,16-07-2003,340.65,335.5,345.0,332.05,338.5,339.95,340.43,"3,345","11,38,743.35",-,"2,970",88.79
SUNDRMCLAY,EQ,17-07-2003,339.95,335.0,341.0,334.0,334.0,336.55,338.79,"2,099","7,11,130.05",-,"1,864",88.80
SUNDRMCLAY,EQ,18-07-2003,336.55,325.0,345.0,325.0,336.55,337.95,334.54,961,"3,21,492.30",-,891,92.72
SUNDRMCLAY,EQ,21-07-2003,337.95,335.0,342.5,331.0,340.0,338.85,338.0,"1,064","3,59,633.20",-,818,76.88
SUNDRMCLAY,EQ,22-07-2003,338.85,335.0,338.0,335.0,337.45,337.45,336.15,"3,970","13,34,516.20",-,"3,568",89.87
SUNDRMCLAY,EQ,23-07-2003,337.45,335.15,341.9,335.0,340.0,340.0,336.99,"1,067","3,59,565.15",-,941,88.19
SUNDRMCLAY,EQ,24-07-2003,340.0,340.0,340.05,333.05,335.05,335.5,336.19,"2,551","8,57,611.00",-,"1,761",69.03
SUNDRMCLAY,EQ,25-07-2003,335.5,337.0,352.25,337.0,352.25,351.6,347.12,"8,647","30,01,541.65",-,"7,816",90.39
SUNDRMCLAY,EQ,28-07-2003,351.6,349.0,355.0,347.5,350.0,348.55,349.5,"1,689","5,90,299.35",-,"1,404",83.13
SUNDRMCLAY,EQ,29-07-2003,348.55,345.0,350.5,344.0,350.5,350.15,348.62,"1,772","6,17,759.85",-,"1,660",93.68
SUNDRMCLAY,EQ,30-07-2003,350.15,350.0,354.4,345.0,354.0,352.95,348.78,"1,865","6,50,482.40",-,"1,795",96.25
SUNDRMCLAY,EQ,31-07-2003,352.95,355.0,355.0,347.0,352.0,350.6,349.0,"2,182","7,61,526.95",-,"1,919",87.95
SUNDRMCLAY,EQ,01-08-2003,350.6,352.0,359.0,350.0,350.55,350.5,352.31,"2,413","8,50,133.05",-,"2,136",88.52
SUNDRMCLAY,EQ,04-08-2003,350.5,350.0,351.0,345.0,347.5,349.9,349.78,"30,520","1,06,75,409.15",-,"29,562",96.86
SUNDRMCLAY,EQ,05-08-2003,349.9,350.0,350.0,332.5,333.0,333.0,341.34,"3,363","11,47,929.05",-,"2,932",87.18
SUNDRMCLAY,EQ,06-08-2003,333.0,333.0,347.95,333.0,334.1,334.0,339.5,"6,746","22,90,249.30",-,"4,026",59.68
SUNDRMCLAY,EQ,07-08-2003,334.0,335.1,345.0,335.0,337.0,339.65,340.03,"4,720","16,04,961.50",-,"2,998",63.52
SUNDRMCLAY,EQ,08-08-2003,339.65,340.0,348.0,337.0,337.0,340.55,340.76,"2,822","9,61,615.40",-,"2,630",93.20
SUNDRMCLAY,EQ,11-08-2003,340.55,339.1,350.2,329.0,344.0,344.95,340.1,"3,176","10,80,165.40",-,"2,422",76.26
SUNDRMCLAY,EQ,12-08-2003,344.95,359.0,362.2,343.25,362.2,362.2,356.18,"6,993","24,90,740.20",-,"6,778",96.93
SUNDRMCLAY,EQ,13-08-2003,362.2,347.1,380.35,347.05,375.0,376.65,374.98,"18,953","71,07,047.65",-,"17,738",93.59
SUNDRMCLAY,EQ,14-08-2003,376.65,371.7,389.0,371.7,380.0,380.05,380.82,"4,369","16,63,799.40",-,"3,718",85.10
SUNDRMCLAY,EQ,18-08-2003,380.05,375.0,387.0,371.3,375.0,375.0,379.16,"13,947","52,88,195.10",-,"13,452",96.45
SUNDRMCLAY,EQ,19-08-2003,375.0,365.0,375.0,360.05,370.0,366.65,365.34,"2,040","7,45,290.20",-,"1,844",90.39
SUNDRMCLAY,EQ,20-08-2003,366.65,375.0,375.0,352.05,352.05,354.35,372.32,"11,852","44,12,736.45",-,"11,200",94.50
SUNDRMCLAY,EQ,21-08-2003,354.35,360.0,369.85,355.0,369.5,366.1,360.71,"6,838","24,66,564.10",-,"6,490",94.91
SUNDRMCLAY,EQ,22-08-2003,366.1,359.55,368.0,355.0,360.0,359.5,357.94,"3,634","13,00,745.75",-,"2,741",75.43
SUNDRMCLAY,EQ,25-08-2003,359.5,360.0,360.0,342.1,345.0,343.75,349.71,"4,818","16,84,883.85",-,"4,285",88.94
SUNDRMCLAY,EQ,26-08-2003,343.75,348.0,360.9,348.0,360.9,360.9,354.06,"2,884","10,21,107.90",-,"2,884",100.00
SUNDRMCLAY,EQ,27-08-2003,360.9,360.0,360.0,346.0,355.0,352.8,351.54,"2,176","7,64,941.10",-,"1,984",91.18
SUNDRMCLAY,EQ,28-08-2003,352.8,355.5,355.5,338.0,343.0,341.5,342.54,"16,704","57,21,774.25",-,"13,758",82.36
SUNDRMCLAY,EQ,29-08-2003,341.5,345.1,355.0,345.0,350.0,353.85,350.16,"2,595","9,08,673.10",-,"2,411",92.91
SUNDRMCLAY,EQ,01-09-2003,353.85,369.7,369.7,346.0,348.0,348.0,349.4,"3,626","12,66,926.30",-,"3,226",88.97
SUNDRMCLAY,EQ,02-09-2003,348.0,360.0,365.4,341.05,365.4,365.4,359.07,"3,635","13,05,212.10",-,"2,341",64.40
SUNDRMCLAY,EQ,03-09-2003,365.4,375.0,379.0,352.0,352.0,355.15,367.3,"4,809","17,66,348.85",-,"3,586",74.57
SUNDRMCLAY,EQ,04-09-2003,355.15,351.35,357.85,351.0,353.0,353.05,353.14,"1,324","4,67,563.10",-,"1,133",85.57
SUNDRMCLAY,EQ,05-09-2003,353.05,360.0,360.0,350.5,355.0,354.8,354.59,"2,147","7,61,311.15",-,"1,783",83.05
SUNDRMCLAY,EQ,08-09-2003,354.8,351.5,360.0,351.5,357.0,358.25,355.62,"4,093","14,55,543.20",-,"3,192",77.99
SUNDRMCLAY,EQ,09-09-2003,358.25,351.05,372.0,351.05,364.9,360.6,361.02,"3,451","12,45,869.55",-,"2,930",84.90
SUNDRMCLAY,EQ,10-09-2003,360.6,353.25,366.0,353.25,366.0,361.95,359.29,"3,922","14,09,143.40",-,"3,373",86.00
SUNDRMCLAY,EQ,11-09-2003,361.95,357.85,366.0,357.7,362.5,362.65,362.83,"1,704","6,18,267.45",-,"1,462",85.80
SUNDRMCLAY,EQ,12-09-2003,362.65,378.0,378.0,357.5,365.0,365.1,363.71,"5,181","18,84,372.00",-,"4,896",94.50
SUNDRMCLAY,EQ,15-09-2003,365.1,357.0,365.4,355.2,365.0,364.95,363.28,"6,889","25,02,661.55",-,"6,855",99.51
SUNDRMCLAY,EQ,16-09-2003,364.95,357.5,365.0,357.0,365.0,363.4,362.92,"3,286","11,92,553.10",-,"3,206",97.57
SUNDRMCLAY,EQ,17-09-2003,363.4,357.55,364.95,357.5,360.0,359.95,359.29,"1,617","5,80,976.00",-,"1,452",89.80
SUNDRMCLAY,EQ,18-09-2003,359.95,341.95,359.95,341.95,341.95,341.95,346.27,"6,754","23,38,692.35",-,"6,140",90.91
SUNDRMCLAY,EQ,19-09-2003,341.95,340.0,342.55,330.5,336.0,335.65,336.23,"2,067","6,94,977.25",-,"1,990",96.27
SUNDRMCLAY,EQ,22-09-2003,335.65,349.0,349.0,335.0,336.0,336.15,339.05,"1,880","6,37,421.55",-,"1,779",94.63
SUNDRMCLAY,EQ,23-09-2003,336.15,327.0,345.0,327.0,343.75,343.6,342.33,"1,827","6,25,444.70",-,"1,701",93.10
SUNDRMCLAY,EQ,24-09-2003,343.6,343.0,347.5,341.15,341.2,343.55,343.4,382,"1,31,180.50",-,370,96.86
SUNDRMCLAY,EQ,25-09-2003,343.55,349.95,349.95,343.05,345.0,345.0,345.33,695,"2,40,002.25",-,524,75.40
SUNDRMCLAY,EQ,26-09-2003,345.0,350.4,355.0,346.0,354.0,353.6,351.93,"1,897","6,67,617.95",-,"1,466",77.28
SUNDRMCLAY,EQ,29-09-2003,353.6,368.9,368.9,351.0,355.0,354.85,352.71,"3,456","12,18,948.70",-,"2,989",86.49
SUNDRMCLAY,EQ,30-09-2003,354.85,355.15,372.6,355.0,370.0,370.5,364.8,"7,717","28,15,147.50",-,"7,064",91.54
SUNDRMCLAY,EQ,01-10-2003,370.5,370.0,389.05,365.0,389.05,388.2,374.57,"11,090","41,53,943.85",-,"9,003",81.18
SUNDRMCLAY,EQ,03-10-2003,388.2,395.0,407.65,395.0,407.65,407.65,407.22,"3,325","13,54,008.35",-,"3,183",95.73
SUNDRMCLAY,EQ,06-10-2003,407.65,415.0,428.05,415.0,428.05,427.0,424.13,"9,268","39,30,852.55",-,"7,949",85.77
SUNDRMCLAY,EQ,07-10-2003,427.0,448.0,448.0,413.0,415.0,415.75,427.75,"5,232","22,37,994.05",-,"4,230",80.85
SUNDRMCLAY,EQ,08-10-2003,415.75,410.0,421.0,401.6,403.5,403.35,413.77,"9,297","38,46,851.30",-,"8,734",93.94
SUNDRMCLAY,EQ,09-10-2003,403.35,405.0,415.0,405.0,410.5,410.65,410.5,"2,802","11,50,233.25",-,"2,381",84.98
SUNDRMCLAY,EQ,10-10-2003,410.65,410.0,415.0,410.0,413.25,414.6,413.35,"1,698","7,01,867.05",-,"1,408",82.92
SUNDRMCLAY,EQ,13-10-2003,414.6,418.0,424.95,415.0,416.0,416.45,417.72,"4,785","19,98,801.80",-,"3,974",83.05
SUNDRMCLAY,EQ,14-10-2003,416.45,422.2,422.2,402.0,402.0,406.1,411.0,"3,551","14,59,466.45",-,"2,886",81.27
SUNDRMCLAY,EQ,15-10-2003,406.1,405.1,413.25,404.3,413.2,411.15,409.44,"6,351","26,00,365.30",-,"5,997",94.43
SUNDRMCLAY,EQ,16-10-2003,411.15,410.1,414.95,407.0,414.0,408.95,409.2,"2,244","9,18,235.15",-,"1,745",77.76
SUNDRMCLAY,EQ,17-10-2003,408.95,410.0,412.0,404.2,412.0,409.6,407.78,"1,422","5,79,866.30",-,"1,188",83.54
SUNDRMCLAY,EQ,20-10-2003,409.6,414.25,418.7,410.0,410.0,410.85,413.97,"9,313","38,55,257.35",-,"8,982",96.45
SUNDRMCLAY,EQ,21-10-2003,410.85,410.0,410.0,404.55,404.55,407.45,408.21,"2,489","10,16,031.10",-,"2,221",89.23
SUNDRMCLAY,EQ,22-10-2003,407.45,410.0,417.5,401.0,415.0,412.55,408.65,"5,297","21,64,610.80",-,"5,062",95.56
SUNDRMCLAY,EQ,23-10-2003,412.55,419.0,419.5,400.0,412.0,415.2,414.6,"3,407","14,12,534.60",-,"3,073",90.20
SUNDRMCLAY,EQ,24-10-2003,415.2,409.0,420.0,407.05,419.0,417.45,413.72,"1,848","7,64,562.00",-,"1,717",92.91
SUNDRMCLAY,EQ,25-10-2003,417.45,413.0,420.0,412.0,412.05,412.05,414.75,164,"68,018.70",-,-,-
SUNDRMCLAY,EQ,27-10-2003,412.05,419.0,422.6,416.0,419.0,418.55,418.63,883,"3,69,647.90",-,889,84.91
SUNDRMCLAY,EQ,28-10-2003,418.55,409.1,414.45,409.1,413.1,412.25,410.8,"1,118","4,59,274.95",-,"1,013",90.61
SUNDRMCLAY,EQ,29-10-2003,412.25,413.0,422.0,410.25,420.0,418.3,413.64,"2,559","10,58,494.10",-,"2,439",95.31
SUNDRMCLAY,EQ,30-10-2003,418.3,420.5,429.0,417.0,429.0,424.5,422.4,"2,837","11,98,335.70",-,"2,717",95.77
SUNDRMCLAY,EQ,31-10-2003,424.5,433.0,433.0,420.0,423.0,422.55,423.76,"5,900","25,00,171.65",-,"5,451",92.39
SUNDRMCLAY,EQ,03-11-2003,422.55,425.0,429.9,415.0,422.05,420.4,421.31,"3,808","16,04,338.10",-,"3,723",97.77
SUNDRMCLAY,EQ,04-11-2003,420.4,413.3,423.0,408.0,415.0,410.3,412.89,"3,935","16,24,706.00",-,"3,041",77.28
SUNDRMCLAY,EQ,05-11-2003,410.3,410.0,413.8,400.25,400.25,404.15,407.2,"3,962","16,13,333.80",-,"3,422",86.37
SUNDRMCLAY,EQ,06-11-2003,404.15,404.0,414.9,386.0,398.0,391.95,399.41,"4,743","18,94,409.10",-,"3,715",78.33
SUNDRMCLAY,EQ,07-11-2003,391.95,395.25,405.0,392.1,404.0,399.95,401.8,"3,292","13,22,714.50",-,"3,045",92.50
SUNDRMCLAY,EQ,10-11-2003,399.95,400.0,407.4,395.0,402.0,404.15,400.94,"7,948","31,86,639.45",-,"7,639",96.11
SUNDRMCLAY,EQ,11-11-2003,404.15,400.0,414.0,400.0,406.1,408.45,404.85,"7,413","30,01,160.85",-,"6,911",93.23
SUNDRMCLAY,EQ,12-11-2003,408.45,414.0,428.9,414.0,428.9,427.55,426.4,"13,756","58,65,568.25",-,"12,441",90.44
SUNDRMCLAY,EQ,13-11-2003,427.55,432.5,432.5,406.25,406.25,413.85,416.53,"15,517","64,63,253.50",-,"14,257",91.88
SUNDRMCLAY,EQ,14-11-2003,413.85,410.0,415.0,394.0,409.45,404.75,399.97,"27,461","1,09,83,538.35",-,"25,635",93.35
SUNDRMCLAY,EQ,15-11-2003,404.75,396.05,414.0,396.05,402.0,405.4,404.74,188,"76,090.50",-,150,79.79
SUNDRMCLAY,EQ,17-11-2003,405.4,398.5,408.0,398.5,404.25,404.4,404.44,"1,757","7,10,601.75",-,"1,623",92.37
SUNDRMCLAY,EQ,18-11-2003,404.4,410.0,419.95,407.05,410.0,410.9,414.55,"3,472","14,39,314.70",-,"2,820",81.22
SUNDRMCLAY,EQ,19-11-2003,410.9,401.35,410.0,400.0,404.0,408.8,404.28,"2,481","10,03,008.55",-,"1,887",76.06
SUNDRMCLAY,EQ,20-11-2003,408.8,409.9,413.0,403.45,410.0,408.55,409.2,"2,843","11,63,369.55",-,"2,125",74.74
SUNDRMCLAY,EQ,21-11-2003,408.55,412.0,415.0,401.0,415.0,410.15,408.52,"4,975","20,32,398.40",-,"4,021",80.82
SUNDRMCLAY,EQ,24-11-2003,410.15,415.1,430.7,414.0,430.7,430.7,424.39,"4,134","17,54,436.80",-,"3,655",88.41
SUNDRMCLAY,EQ,25-11-2003,430.7,441.0,452.25,441.0,452.25,452.25,450.66,"3,036","13,68,196.85",-,"2,786",91.77
SUNDRMCLAY,EQ,27-11-2003,452.25,470.0,474.9,462.0,474.0,474.85,473.55,"6,415","30,37,831.50",-,"6,260",97.58
SUNDRMCLAY,EQ,28-11-2003,474.85,489.0,490.0,470.0,480.1,481.7,481.16,"7,644","36,77,962.15",-,"5,456",71.38
SUNDRMCLAY,EQ,01-12-2003,481.7,481.0,505.8,481.0,505.8,505.8,503.26,"4,993","25,12,759.80",-,"4,698",94.09
SUNDRMCLAY,EQ,02-12-2003,505.8,529.0,530.0,499.95,514.0,510.55,513.28,"18,940","97,21,432.15",-,"16,972",89.61
SUNDRMCLAY,EQ,03-12-2003,510.55,518.0,524.0,498.0,500.5,500.4,516.17,"6,478","33,43,755.65",-,"5,390",83.20
SUNDRMCLAY,EQ,04-12-2003,500.4,515.0,515.0,480.0,504.0,502.35,498.81,"18,024","89,90,618.05",-,"15,698",87.09
SUNDRMCLAY,EQ,05-12-2003,502.35,500.35,510.0,481.3,482.0,484.55,497.69,"4,558","22,68,452.90",-,"3,781",82.95
SUNDRMCLAY,EQ,08-12-2003,484.55,475.0,495.0,475.0,495.0,486.5,485.36,"2,895","14,05,108.70",-,"2,212",76.41
SUNDRMCLAY,EQ,09-12-2003,486.5,499.9,500.0,491.45,497.0,495.9,496.36,"3,545","17,59,612.70",-,"3,467",97.80
SUNDRMCLAY,EQ,10-12-2003,495.9,495.0,500.0,493.1,500.0,498.75,496.58,"3,330","16,53,608.00",-,"3,174",95.32
SUNDRMCLAY,EQ,11-12-2003,498.75,500.0,523.0,500.0,505.0,504.95,507.52,"6,616","33,57,778.85",-,"5,906",89.27
SUNDRMCLAY,EQ,12-12-2003,504.95,504.0,510.0,497.0,500.0,501.8,501.08,"2,354","11,79,533.50",-,"2,214",94.05
SUNDRMCLAY,EQ,15-12-2003,501.8,502.0,526.9,502.0,526.9,526.9,515.13,"4,584","23,61,364.10",-,"3,914",85.38
SUNDRMCLAY,EQ,16-12-2003,526.9,540.0,553.25,540.0,553.25,552.95,551.05,"6,850","37,74,666.25",-,"6,065",88.54
SUNDRMCLAY,EQ,17-12-2003,552.95,577.0,577.0,560.0,573.05,572.35,569.32,"5,941","33,82,348.55",-,"4,925",82.90
SUNDRMCLAY,EQ,18-12-2003,572.35,578.8,601.0,578.8,601.0,601.0,598.62,"6,204","37,13,849.30",-,"5,703",91.92
SUNDRMCLAY,EQ,19-12-2003,601.0,631.05,631.05,631.05,631.05,631.05,631.05,988,"6,23,477.40",-,988,100.00
SUNDRMCLAY,EQ,22-12-2003,631.05,660.0,662.6,660.0,662.6,662.6,662.59,"1,310","8,67,993.00",-,"1,310",100.00
SUNDRMCLAY,EQ,23-12-2003,662.6,695.0,695.75,665.0,680.0,685.2,691.75,"18,012","1,24,59,830.95",-,"14,359",79.72
SUNDRMCLAY,EQ,24-12-2003,685.2,719.0,719.0,651.05,659.0,655.9,665.79,"3,276","21,81,129.65",-,"2,573",78.54
SUNDRMCLAY,EQ,26-12-2003,655.9,662.0,684.0,662.0,674.0,670.15,670.74,"2,843","19,06,908.20",-,"2,302",80.97
SUNDRMCLAY,EQ,29-12-2003,670.15,680.0,689.0,667.25,679.8,673.4,680.8,"5,985","40,74,600.40",-,"5,624",93.97
SUNDRMCLAY,EQ,30-12-2003,673.4,680.0,680.0,642.65,648.1,648.65,652.31,"5,672","36,99,894.10",-,"5,159",90.96
SUNDRMCLAY,EQ,31-12-2003,648.65,650.0,650.0,630.05,630.25,630.45,634.78,"5,467","34,70,330.05",-,"4,626",84.62
SUNDRMCLAY,EQ,01-01-2004,630.45,645.0,649.9,613.0,636.0,638.2,628.68,"3,125","19,64,613.50",-,"2,302",73.66
SUNDRMCLAY,EQ,02-01-2004,638.2,668.0,669.0,615.15,641.0,642.85,649.9,"6,720","43,67,322.05",-,"6,413",95.43
SUNDRMCLAY,EQ,05-01-2004,642.85,635.0,650.0,611.05,614.0,613.15,620.76,"5,415","33,61,413.65",-,"5,161",95.31
SUNDRMCLAY,EQ,06-01-2004,613.15,613.15,619.0,590.0,599.0,591.85,598.65,"2,533","15,16,387.15",-,"1,983",78.29
SUNDRMCLAY,EQ,07-01-2004,591.85,570.0,596.0,565.1,574.0,575.8,572.82,"5,795","33,19,469.00",-,"4,213",72.7
SUNDRMCLAY,EQ,08-01-2004,575.8,590.0,604.6,590.0,604.6,604.6,602.58,"1,475","8,88,811.10",-,"1,475",100.0
SUNDRMCLAY,EQ,09-01-2004,604.6,616.5,630.0,585.5,593.0,604.95,614.48,"3,562","21,88,769.25",-,"3,132",87.93
SUNDRMCLAY,EQ,12-01-2004,604.95,600.0,600.0,576.0,578.0,578.5,588.15,"4,663","27,42,551.50",-,"4,399",94.34
SUNDRMCLAY,EQ,13-01-2004,578.5,580.0,600.0,571.0,600.0,586.6,579.06,"4,544","26,31,236.15",-,"3,896",85.74
SUNDRMCLAY,EQ,14-01-2004,586.6,583.0,600.0,575.05,600.0,594.35,589.76,"2,105","12,41,452.35",-,"1,712",81.33
SUNDRMCLAY,EQ,15-01-2004,594.35,599.0,610.0,578.0,580.0,579.15,584.83,"1,995","11,66,742.75",-,"1,790",89.72
SUNDRMCLAY,EQ,16-01-2004,579.15,572.25,580.0,552.55,565.0,565.0,566.71,"3,296","18,67,869.50",-,"2,835",86.01
SUNDRMCLAY,EQ,19-01-2004,565.0,564.1,564.1,541.1,564.0,560.45,553.27,"2,134","11,80,682.75",-,"1,736",81.35
SUNDRMCLAY,EQ,20-01-2004,560.45,562.0,586.0,546.2,576.5,577.05,573.37,"4,691","26,89,663.10",-,"3,915",83.46
SUNDRMCLAY,EQ,21-01-2004,577.05,570.0,605.5,560.0,593.0,594.4,589.97,"13,359","78,81,471.05",-,"10,719",80.24
SUNDRMCLAY,EQ,22-01-2004,594.4,579.0,603.0,565.0,566.05,566.0,571.65,"4,902","28,02,221.05",-,"4,456",90.9
SUNDRMCLAY,EQ,23-01-2004,566.0,567.0,580.0,552.15,573.0,567.15,567.15,"1,388","7,87,205.25",-,"1,240",89.34
SUNDRMCLAY,EQ,27-01-2004,567.15,543.0,595.5,543.0,595.0,594.85,592.6,"8,516","50,46,601.30",-,"8,156",95.77
SUNDRMCLAY,EQ,28-01-2004,594.85,599.4,599.4,580.0,595.0,595.65,588.73,"1,002","5,89,904.65",-,897,89.52
SUNDRMCLAY,EQ,29-01-2004,595.65,594.5,598.0,578.25,582.0,582.4,580.63,"7,011","40,70,783.25",-,"7,001",99.86
SUNDRMCLAY,EQ,30-01-2004,582.4,571.0,589.0,571.0,589.0,583.7,578.51,"2,892","16,73,041.90",-,"2,605",90.08
SUNDRMCLAY,EQ,03-02-2004,583.7,572.0,580.0,555.0,565.0,560.2,568.8,"5,807","33,03,034.15",-,"5,376",92.58
SUNDRMCLAY,EQ,04-02-2004,560.2,570.0,570.0,545.1,560.0,559.85,555.11,"2,264","12,56,772.25",-,"1,904",84.1
SUNDRMCLAY,EQ,05-02-2004,559.85,555.0,567.85,550.0,554.0,551.4,554.4,"2,551","14,14,276.00",-,"2,283",89.49
SUNDRMCLAY,EQ,06-02-2004,551.4,568.5,579.0,557.0,575.0,575.75,574.93,"14,973","86,08,384.65",-,"13,316",88.93
SUNDRMCLAY,EQ,09-02-2004,575.75,565.0,588.0,565.0,572.0,576.4,573.01,"2,326","13,32,829.45",-,"2,109",90.67
SUNDRMCLAY,EQ,10-02-2004,576.4,587.5,595.0,584.0,595.0,594.8,593.09,"14,185","84,12,990.05",-,"13,249",93.4
SUNDRMCLAY,EQ,11-02-2004,594.8,595.0,595.0,586.05,594.0,592.05,590.92,"1,028","6,07,464.00",-,909,88.42
SUNDRMCLAY,EQ,12-02-2004,592.05,595.0,602.0,584.05,592.0,591.75,599.58,"13,940","83,58,080.60",-,"13,864",99.45
SUNDRMCLAY,EQ,13-02-2004,591.75,590.0,601.85,590.0,591.0,590.7,593.53,"1,791","10,63,005.60",-,"1,726",96.37
SUNDRMCLAY,EQ,16-02-2004,590.7,585.0,600.0,585.0,595.0,595.6,593.44,"1,656","9,82,730.60",-,"1,348",81.4
SUNDRMCLAY,EQ,17-02-2004,595.6,583.1,599.0,583.1,599.0,599.0,590.35,"1,875","11,06,903.80",-,864,46.08
SUNDRMCLAY,EQ,18-02-2004,599.0,598.85,606.0,590.05,594.6,594.6,598.25,710,"4,24,760.50",-,677,95.35
SUNDRMCLAY,EQ,19-02-2004,594.6,594.6,596.0,582.0,590.0,585.85,591.11,"2,227","13,16,412.30",-,"2,168",97.35
SUNDRMCLAY,EQ,20-02-2004,585.85,580.0,593.9,575.0,593.9,587.75,579.5,"3,596","20,83,876.20",-,"3,463",96.3
SUNDRMCLAY,EQ,23-02-2004,587.75,577.0,582.6,575.0,580.0,575.2,576.24,"1,224","7,05,319.70",-,"1,177",96.16
SUNDRMCLAY,EQ,24-02-2004,575.2,580.0,580.0,556.0,565.1,565.85,568.5,"1,923","10,93,223.25",-,"1,848",96.1
SUNDRMCLAY,EQ,25-02-2004,565.85,579.45,579.45,558.0,558.0,558.05,561.43,"2,023","11,35,773.50",-,"1,767",87.35
SUNDRMCLAY,EQ,26-02-2004,558.05,558.0,580.0,558.0,562.0,563.65,565.16,433,"2,44,713.95",-,338,78.06
SUNDRMCLAY,EQ,27-02-2004,563.65,561.05,574.5,561.05,562.0,562.6,569.4,"1,176","6,69,614.30",-,"1,124",95.58
SUNDRMCLAY,EQ,01-03-2004,562.6,574.0,574.0,551.0,553.0,552.5,564.16,"1,771","9,99,124.50",-,"1,628",91.93
SUNDRMCLAY,EQ,03-03-2004,552.5,546.0,563.5,546.0,560.0,562.3,560.49,830,"4,65,206.90",-,824,99.28
SUNDRMCLAY,EQ,04-03-2004,562.3,551.2,564.0,551.1,551.5,551.75,555.57,236,"1,31,113.90",-,128,54.24
SUNDRMCLAY,EQ,05-03-2004,551.75,551.5,557.0,550.0,550.45,550.5,550.15,"1,285","7,06,943.00",-,"1,285",100.0
SUNDRMCLAY,EQ,08-03-2004,550.5,555.0,555.0,547.0,550.0,550.0,549.02,"2,043","11,21,651.60",-,"1,778",87.03
SUNDRMCLAY,EQ,09-03-2004,550.0,550.0,551.0,545.1,550.0,550.0,549.82,750,"4,12,368.20",-,668,89.07
SUNDRMCLAY,EQ,10-03-2004,550.0,530.65,539.0,530.65,537.35,534.9,536.02,263,"1,40,972.00",-,187,71.1
SUNDRMCLAY,EQ,11-03-2004,534.9,538.0,550.0,535.0,545.0,545.0,536.91,"2,662","14,29,247.05",-,"2,611",98.08
SUNDRMCLAY,EQ,12-03-2004,545.0,542.0,545.0,525.0,525.0,528.35,536.38,"2,532","13,58,115.30",-,"2,522",99.61
SUNDRMCLAY,EQ,15-03-2004,528.35,510.3,525.0,507.0,518.5,509.25,515.38,"1,397","7,19,979.65",-,"1,006",72.01
SUNDRMCLAY,EQ,16-03-2004,509.25,485.3,510.0,476.0,490.0,492.25,499.76,"1,075","5,37,244.85",-,691,64.28
SUNDRMCLAY,EQ,17-03-2004,492.25,495.0,505.0,481.2,505.0,505.0,496.34,711,"3,52,897.80",-,678,95.36
SUNDRMCLAY,EQ,18-03-2004,505.0,500.0,500.0,460.0,470.0,475.5,495.18,"1,914","9,47,774.25",-,"1,776",92.79
SUNDRMCLAY,EQ,19-03-2004,475.5,480.0,494.7,462.0,477.05,478.1,478.05,340,"1,62,537.50",-,214,62.94
SUNDRMCLAY,EQ,22-03-2004,478.1,477.5,480.2,460.05,470.0,470.0,473.1,"6,256","29,59,707.45",-,"3,006",48.05
SUNDRMCLAY,EQ,23-03-2004,470.0,470.0,470.0,430.0,442.0,442.0,439.06,912,"4,00,426.30",-,700,76.75
SUNDRMCLAY,EQ,24-03-2004,442.0,440.0,445.0,430.35,435.0,439.9,435.81,"5,547","24,17,465.20",-,"2,412",43.48
SUNDRMCLAY,EQ,25-03-2004,439.9,425.0,463.0,425.0,432.0,435.85,443.46,"1,788","7,92,908.35",-,965,53.97
SUNDRMCLAY,EQ,26-03-2004,435.85,442.75,474.8,442.75,474.8,465.75,452.47,"2,560","11,58,317.00",-,"2,290",89.45
SUNDRMCLAY,EQ,29-03-2004,465.75,475.0,485.0,475.0,475.0,475.4,478.08,"1,569","7,50,100.00",-,"1,204",76.74
SUNDRMCLAY,EQ,30-03-2004,475.4,460.0,475.0,445.0,445.0,450.05,455.43,"1,087","4,95,049.25",-,976,89.79
SUNDRMCLAY,EQ,31-03-2004,450.05,445.1,484.8,432.0,474.5,449.2,449.13,861,"3,86,699.25",-,639,74.22
SUNDRMCLAY,EQ,01-04-2004,449.2,420.0,490.0,420.0,486.0,485.85,476.99,966,"4,60,775.30",-,930,96.27
SUNDRMCLAY,EQ,02-04-2004,485.85,485.95,508.0,482.2,499.0,500.1,499.15,801,"3,99,817.30",-,725,90.51
SUNDRMCLAY,EQ,05-04-2004,500.1,500.0,505.0,485.0,500.0,501.35,497.6,"1,412","7,02,614.95",-,"1,188",84.14
SUNDRMCLAY,EQ,06-04-2004,501.35,500.0,550.0,490.0,500.0,497.8,508.43,"3,453","17,55,618.35",-,"3,135",90.79
SUNDRMCLAY,EQ,07-04-2004,497.8,505.0,506.1,491.05,491.05,497.45,502.04,699,"3,50,924.70",-,567,81.12
SUNDRMCLAY,EQ,08-04-2004,497.45,504.25,510.0,490.0,490.0,495.0,502.69,"2,371","11,91,888.80",-,"2,193",92.49
SUNDRMCLAY,EQ,12-04-2004,495.0,490.5,502.0,485.0,500.0,500.2,495.99,"1,046","5,18,809.50",-,"1,006",96.18
SUNDRMCLAY,EQ,13-04-2004,500.2,482.25,490.0,477.0,480.0,480.0,482.3,770,"3,71,367.25",-,722,93.77
SUNDRMCLAY,EQ,15-04-2004,480.0,480.0,491.9,480.0,484.0,486.7,484.17,"2,757","13,34,850.60",-,"2,677",97.1
SUNDRMCLAY,EQ,16-04-2004,486.7,475.0,490.0,475.0,490.0,489.2,484.15,"1,544","7,47,520.10",-,848,54.92
SUNDRMCLAY,EQ,17-04-2004,489.2,490.0,490.0,483.05,485.0,484.0,489.72,262,"1,28,305.80",-,240,91.6
SUNDRMCLAY,EQ,19-04-2004,484.0,485.0,485.0,475.0,477.0,477.0,480.79,911,"4,37,999.00",-,821,90.12
SUNDRMCLAY,EQ,20-04-2004,477.0,466.25,474.5,465.25,470.0,470.0,467.35,147,"68,700.00",-,122,82.99
SUNDRMCLAY,EQ,21-04-2004,470.0,473.5,480.0,465.0,480.0,479.15,471.06,702,"3,30,681.95",-,545,77.64
SUNDRMCLAY,EQ,22-04-2004,479.15,481.0,481.0,474.0,474.0,476.55,479.01,261,"1,25,021.00",-,231,88.51
SUNDRMCLAY,EQ,23-04-2004,476.55,480.0,480.0,465.05,469.0,470.0,472.8,"1,017","4,80,838.40",-,945,92.92
SUNDRMCLAY,EQ,27-04-2004,470.0,477.0,477.0,428.0,435.1,444.95,458.91,"1,740","7,98,498.30",-,"1,544",88.74
SUNDRMCLAY,EQ,28-04-2004,444.95,430.0,455.0,430.0,445.0,445.1,439.38,"1,561","6,85,868.70",-,"1,457",93.34
SUNDRMCLAY,EQ,29-04-2004,445.1,455.0,469.0,441.25,446.0,445.0,449.9,"2,187","9,83,931.50",-,"1,425",65.16
SUNDRMCLAY,EQ,30-04-2004,445.0,470.0,470.0,437.0,441.0,441.95,443.93,319,"1,41,615.25",-,310,97.18
SUNDRMCLAY,EQ,03-05-2004,441.95,446.9,447.0,424.0,426.0,426.7,428.67,"1,773","7,60,024.10",-,"1,661",93.68
SUNDRMCLAY,EQ,04-05-2004,426.7,436.0,443.0,431.0,435.0,436.2,437.03,"1,461","6,38,493.85",-,"1,393",95.35
SUNDRMCLAY,EQ,05-05-2004,436.2,439.0,448.0,435.0,435.1,435.75,439.03,"1,017","4,46,493.30",-,622,61.16
SUNDRMCLAY,EQ,06-05-2004,435.75,459.45,459.45,440.0,455.0,453.65,448.54,669,"3,00,071.90",-,659,98.51
SUNDRMCLAY,EQ,07-05-2004,453.65,450.0,461.9,450.0,461.9,459.75,453.57,517,"2,34,496.25",-,487,94.2
SUNDRMCLAY,EQ,10-05-2004,459.75,460.1,464.8,450.0,464.8,464.25,460.47,499,"2,29,776.85",-,458,91.78
SUNDRMCLAY,EQ,11-05-2004,464.25,451.1,452.7,438.0,439.1,451.55,445.12,414,"1,84,280.10",-,373,90.1
SUNDRMCLAY,EQ,12-05-2004,451.55,442.0,455.5,440.0,455.5,446.05,444.24,"1,927","8,56,046.65",-,"1,857",96.37
SUNDRMCLAY,EQ,13-05-2004,446.05,440.0,440.0,424.0,430.0,429.65,430.69,"2,907","12,52,012.80",-,"2,880",99.07
SUNDRMCLAY,EQ,14-05-2004,429.65,432.0,432.0,388.5,400.0,400.1,414.13,"2,447","10,13,384.15",-,"2,402",98.16
SUNDRMCLAY,EQ,17-05-2004,400.1,400.0,400.0,361.3,364.9,363.3,376.48,426,"1,60,380.75",-,376,88.26
SUNDRMCLAY,EQ,18-05-2004,363.3,375.0,380.0,350.0,380.0,375.1,365.74,"3,131","11,45,130.05",-,"2,399",76.62
SUNDRMCLAY,EQ,19-05-2004,375.1,390.0,393.5,370.0,392.75,390.6,380.76,937,"3,56,773.50",-,807,86.13
SUNDRMCLAY,EQ,20-05-2004,390.6,393.0,410.0,390.0,410.0,409.7,405.14,830,"3,36,263.30",-,788,94.94
SUNDRMCLAY,EQ,21-05-2004,409.7,420.0,430.0,400.0,430.0,415.95,412.87,"1,917","7,91,472.50",-,"1,682",87.74
SUNDRMCLAY,EQ,24-05-2004,415.95,410.0,436.7,410.0,436.7,435.1,427.28,"1,367","5,84,086.20",-,"1,335",97.66
SUNDRMCLAY,EQ,25-05-2004,435.1,430.0,440.0,425.0,440.0,440.0,430.57,347,"1,49,407.50",-,322,92.8
SUNDRMCLAY,EQ,26-05-2004,440.0,442.0,445.0,424.95,445.0,445.0,438.62,"1,781","7,81,182.75",-,"1,585",88.99
SUNDRMCLAY,EQ,27-05-2004,445.0,436.0,444.9,435.25,435.25,437.2,437.6,"5,438","23,79,664.10",-,"5,362",98.6
SUNDRMCLAY,EQ,28-05-2004,437.2,425.0,434.9,420.0,434.9,432.0,430.41,"1,365","5,87,504.45",-,"1,315",96.34
SUNDRMCLAY,EQ,31-05-2004,432.0,415.0,431.95,410.4,431.95,423.15,418.29,"1,358","5,68,042.25",-,"1,096",80.71
SUNDRMCLAY,EQ,01-06-2004,423.15,412.0,424.8,402.0,405.0,405.95,405.62,"5,018","20,35,400.05",-,"4,731",94.28
SUNDRMCLAY,EQ,02-06-2004,405.95,405.0,408.7,400.05,400.05,400.05,405.24,35,"14,183.30",-,35,100.0
SUNDRMCLAY,EQ,03-06-2004,400.05,388.2,419.0,382.0,387.9,387.7,396.86,"1,333","5,29,016.85",-,"1,126",84.47
SUNDRMCLAY,EQ,04-06-2004,387.7,370.0,400.0,369.7,399.95,398.6,390.1,975,"3,80,345.05",-,778,79.79
SUNDRMCLAY,EQ,07-06-2004,398.6,403.25,403.25,385.15,390.0,390.0,393.73,78,"30,711.15",-,71,91.03
SUNDRMCLAY,EQ,08-06-2004,390.0,401.95,402.0,401.95,402.0,402.0,401.98,5,"2,009.90",-,5,100.0
SUNDRMCLAY,EQ,09-06-2004,402.0,405.0,405.0,390.0,390.0,390.0,390.74,210,"82,056.25",-,210,100.0
SUNDRMCLAY,EQ,10-06-2004,390.0,390.0,390.0,381.0,381.0,381.6,383.4,628,"2,40,775.30",-,622,99.04
SUNDRMCLAY,EQ,11-06-2004,381.6,382.2,382.2,376.25,376.25,379.9,380.26,137,"52,095.45",-,132,96.35
SUNDRMCLAY,EQ,14-06-2004,379.9,371.1,394.8,361.9,374.0,374.0,371.54,362,"1,34,495.80",-,335,92.54
SUNDRMCLAY,EQ,15-06-2004,374.0,375.0,378.45,355.0,355.0,362.95,365.53,417,"1,52,428.00",-,407,97.6
SUNDRMCLAY,EQ,16-06-2004,362.95,370.0,380.0,370.0,380.0,379.45,378.16,305,"1,15,340.00",-,282,92.46
SUNDRMCLAY,EQ,17-06-2004,379.45,388.0,391.95,388.0,390.0,390.0,389.65,36,"14,027.25",-,36,100.0
SUNDRMCLAY,EQ,18-06-2004,390.0,400.0,400.0,376.5,378.2,390.2,390.04,815,"3,17,882.35",-,636,78.04
SUNDRMCLAY,EQ,21-06-2004,390.2,389.0,390.0,375.0,386.7,386.7,382.22,775,"2,96,217.00",-,350,45.16
SUNDRMCLAY,EQ,22-06-2004,386.7,380.0,395.0,379.55,395.0,390.6,389.69,991,"3,86,184.55",-,925,93.34
SUNDRMCLAY,EQ,23-06-2004,390.6,405.0,412.0,375.0,375.0,377.4,387.75,"1,317","5,10,662.45",-,545,41.38
SUNDRMCLAY,EQ,24-06-2004,377.4,380.0,380.0,357.0,365.0,365.9,368.76,281,"1,03,622.50",-,281,100.0
SUNDRMCLAY,EQ,25-06-2004,365.9,362.25,377.5,359.3,377.5,374.7,373.29,"1,056","3,94,194.00",-,927,87.78
SUNDRMCLAY,EQ,28-06-2004,374.7,373.5,400.0,365.0,395.0,386.85,379.04,864,"3,27,494.65",-,727,84.14
SUNDRMCLAY,EQ,29-06-2004,386.85,375.0,396.05,370.25,385.0,384.15,377.45,518,"1,95,520.40",-,397,76.64
SUNDRMCLAY,EQ,30-06-2004,384.15,385.0,422.5,371.1,405.0,402.45,395.89,"1,311","5,19,005.80",-,"1,079",82.3
SUNDRMCLAY,EQ,01-07-2004,402.45,390.0,419.9,390.0,419.9,409.25,404.48,672,"2,71,813.05",-,672,100.0
SUNDRMCLAY,EQ,02-07-2004,409.25,391.05,440.0,391.05,435.0,430.4,426.48,"1,482","6,32,048.75",-,"1,341",90.49
SUNDRMCLAY,EQ,05-07-2004,430.4,440.0,440.0,404.55,404.55,407.4,419.49,927,"3,88,869.70",-,527,56.85
SUNDRMCLAY,EQ,06-07-2004,407.4,410.0,410.0,400.0,400.0,400.65,405.09,212,"85,880.00",-,212,100.0
SUNDRMCLAY,EQ,07-07-2004,400.65,408.9,415.0,398.0,398.25,398.25,410.72,"1,167","4,79,313.00",-,"1,117",95.72
SUNDRMCLAY,EQ,08-07-2004,398.25,400.5,400.5,372.25,372.25,383.2,397.67,"1,268","5,04,249.70",-,"1,190",93.85
SUNDRMCLAY,EQ,09-07-2004,383.2,376.1,398.45,376.1,383.75,384.3,383.93,168,"64,501.00",-,113,67.26
SUNDRMCLAY,EQ,12-07-2004,384.3,382.0,405.0,378.0,401.0,394.85,398.07,"1,026","4,08,423.95",-,400,38.99
SUNDRMCLAY,EQ,13-07-2004,394.85,395.0,395.0,395.0,395.0,395.0,395.0,60,"23,700.00",-,60,100.0
SUNDRMCLAY,EQ,14-07-2004,395.0,386.2,400.0,386.2,400.0,399.35,396.63,672,"2,66,532.55",-,636,94.64
SUNDRMCLAY,EQ,15-07-2004,399.35,386.0,425.0,386.0,410.0,414.35,407.05,922,"3,75,302.55",-,867,94.03
SUNDRMCLAY,EQ,16-07-2004,414.35,412.0,413.0,403.0,408.0,408.0,407.65,738,"3,00,845.90",-,597,80.89
SUNDRMCLAY,EQ,19-07-2004,408.0,408.0,416.8,400.0,400.0,406.8,406.59,200,"81,317.10",-,175,87.5
SUNDRMCLAY,EQ,20-07-2004,406.8,401.5,409.0,401.0,405.9,405.15,404.82,313,"1,26,708.90",-,263,84.03
SUNDRMCLAY,EQ,21-07-2004,405.15,401.05,412.75,395.0,409.75,404.5,406.1,"3,100","12,58,918.20",-,613,19.77
SUNDRMCLAY,EQ,22-07-2004,404.5,400.0,400.0,395.0,396.05,396.05,398.2,464,"1,84,763.00",-,404,87.07
SUNDRMCLAY,EQ,23-07-2004,396.05,400.0,410.0,391.0,398.9,398.8,402.4,661,"2,65,988.80",-,608,91.98
SUNDRMCLAY,EQ,26-07-2004,398.8,401.25,410.0,400.0,410.0,405.25,403.73,"2,556","10,31,928.25",-,"2,374",92.88
SUNDRMCLAY,EQ,27-07-2004,405.25,413.0,413.0,403.5,410.0,410.3,409.51,"1,460","5,97,890.50",-,"1,336",91.51
SUNDRMCLAY,EQ,28-07-2004,410.3,400.0,410.0,398.0,410.0,406.75,401.97,"1,251","5,02,865.75",-,"1,092",87.29
SUNDRMCLAY,EQ,29-07-2004,406.75,405.0,405.0,391.0,391.0,396.7,399.37,849,"3,39,068.50",-,724,85.28
SUNDRMCLAY,EQ,30-07-2004,396.7,400.0,410.0,395.0,406.95,405.05,402.66,"2,469","9,94,162.25",-,434,17.58
SUNDRMCLAY,EQ,02-08-2004,405.05,410.0,415.0,405.0,410.0,410.0,408.71,274,"1,11,987.85",-,230,83.94
SUNDRMCLAY,EQ,03-08-2004,410.0,410.0,420.0,406.5,413.5,415.2,411.09,"2,426","9,97,306.60",-,"1,288",53.09
SUNDRMCLAY,EQ,04-08-2004,415.2,410.0,414.7,409.0,409.0,412.85,412.44,837,"3,45,212.75",-,791,94.5
SUNDRMCLAY,EQ,05-08-2004,412.85,415.0,439.0,411.95,439.0,435.4,424.77,"2,659","11,29,476.40",-,"2,174",81.76
SUNDRMCLAY,EQ,06-08-2004,435.4,440.0,445.0,436.0,445.0,441.35,440.46,"2,292","10,09,528.75",-,"1,651",72.03
SUNDRMCLAY,EQ,09-08-2004,441.35,435.0,454.0,435.0,454.0,453.6,447.39,940,"4,20,549.55",-,847,90.11
SUNDRMCLAY,EQ,10-08-2004,453.6,465.0,465.0,449.9,450.0,451.35,456.01,"1,741","7,93,914.00",-,"1,370",78.69
SUNDRMCLAY,EQ,11-08-2004,451.35,452.5,459.0,407.1,441.1,447.3,439.81,"1,215","5,34,372.10",-,558,45.93
SUNDRMCLAY,EQ,12-08-2004,447.3,436.0,443.0,427.0,438.9,438.9,434.69,807,"3,50,798.50",-,611,75.71
SUNDRMCLAY,EQ,13-08-2004,438.9,438.0,438.0,426.65,438.0,437.0,434.61,"1,798","7,81,420.70",-,"1,652",91.88
SUNDRMCLAY,EQ,16-08-2004,437.0,435.9,441.0,422.0,435.0,438.5,431.84,"1,598","6,90,083.75",-,"1,317",82.42
SUNDRMCLAY,EQ,17-08-2004,438.5,440.0,455.0,440.0,447.0,448.3,449.78,659,"2,96,403.05",-,489,74.2
SUNDRMCLAY,EQ,18-08-2004,448.3,449.9,470.0,449.9,450.0,450.2,456.42,"1,567","7,15,204.20",-,"1,124",71.73
SUNDRMCLAY,EQ,19-08-2004,450.2,455.0,455.0,421.7,436.4,438.45,439.89,"1,541","6,77,870.05",-,"1,411",91.56
SUNDRMCLAY,EQ,20-08-2004,438.45,435.0,450.0,434.0,450.0,448.6,446.74,"1,211","5,41,000.40",-,985,81.34
SUNDRMCLAY,EQ,23-08-2004,448.6,459.0,489.0,459.0,489.0,485.4,475.92,"7,787","37,05,997.90",-,"6,304",80.96
SUNDRMCLAY,EQ,24-08-2004,485.4,490.5,510.0,474.0,496.0,494.6,499.53,"12,114","60,51,282.40",-,"8,779",72.47
SUNDRMCLAY,EQ,25-08-2004,494.6,520.0,520.0,492.35,494.0,493.5,507.07,"2,204","11,17,592.80",-,"1,370",62.16
SUNDRMCLAY,EQ,26-08-2004,493.5,492.0,492.0,485.0,490.0,489.6,489.02,799,"3,90,723.60",-,584,73.09
SUNDRMCLAY,EQ,27-08-2004,489.6,482.0,499.9,482.0,488.0,492.6,496.41,638,"3,16,707.60",-,487,76.33
SUNDRMCLAY,EQ,30-08-2004,492.6,499.0,500.0,483.0,499.1,497.45,490.87,"6,982","34,27,223.00",-,"5,910",84.65
SUNDRMCLAY,EQ,31-08-2004,497.45,494.15,503.85,494.05,500.0,499.35,499.34,"6,206","30,98,912.25",-,"5,984",96.42
SUNDRMCLAY,EQ,01-09-2004,499.35,500.0,502.0,496.25,499.0,499.85,499.86,"6,225","31,11,651.20",-,"6,136",98.57
SUNDRMCLAY,EQ,02-09-2004,499.85,500.0,504.0,475.0,485.0,486.7,495.82,"9,272","45,97,288.55",-,"8,776",94.65
SUNDRMCLAY,EQ,03-09-2004,486.7,487.0,495.0,485.5,495.0,494.25,491.26,"3,648","17,92,126.65",-,"3,442",94.35
SUNDRMCLAY,EQ,06-09-2004,494.25,500.0,500.9,487.05,498.0,497.75,498.33,"6,257","31,18,020.60",-,"5,284",84.45
SUNDRMCLAY,EQ,07-09-2004,497.75,500.0,513.75,490.1,510.5,512.0,500.68,"21,421","1,07,25,153.80",-,"20,316",94.84
SUNDRMCLAY,EQ,08-09-2004,512.0,515.0,528.5,512.0,517.0,517.75,518.94,"4,342","22,53,235.55",-,"3,927",90.44
SUNDRMCLAY,EQ,09-09-2004,517.75,517.0,525.0,502.45,506.0,507.35,517.34,"6,679","34,55,334.60",-,"6,293",94.22
SUNDRMCLAY,EQ,10-09-2004,507.35,505.0,520.0,504.5,514.0,514.3,516.14,"3,075","15,87,129.45",-,"2,873",93.43
SUNDRMCLAY,EQ,13-09-2004,514.3,516.5,516.5,507.6,507.6,507.95,513.69,"2,493","12,80,625.90",-,"2,393",95.99
SUNDRMCLAY,EQ,14-09-2004,507.95,508.0,515.0,507.0,510.0,510.7,512.36,"1,870","9,58,119.90",-,"1,704",91.12
SUNDRMCLAY,EQ,15-09-2004,510.7,508.0,515.0,495.0,515.0,511.6,507.04,"11,356","57,57,998.10",-,"7,395",65.12
SUNDRMCLAY,EQ,16-09-2004,511.6,517.9,517.9,505.0,506.55,506.75,507.12,"1,733","8,78,839.25",-,"1,432",82.63
SUNDRMCLAY,EQ,17-09-2004,506.75,498.1,525.0,498.1,523.0,519.45,513.21,"9,738","49,97,635.40",-,"9,305",95.55
SUNDRMCLAY,EQ,20-09-2004,519.45,525.0,533.5,520.0,525.0,523.95,524.64,"20,383","1,06,93,777.85",-,"19,228",94.33
SUNDRMCLAY,EQ,21-09-2004,523.95,524.5,535.0,524.5,527.25,527.55,529.86,"2,258","11,96,417.10",-,"1,185",52.48
SUNDRMCLAY,EQ,22-09-2004,527.55,538.0,538.0,522.0,522.0,522.05,526.72,821,"4,32,439.25",-,668,81.36
SUNDRMCLAY,EQ,23-09-2004,522.05,511.0,523.0,511.0,517.0,521.95,521.58,"16,976","88,54,330.40",-,"16,383",96.51
SUNDRMCLAY,EQ,24-09-2004,521.95,517.95,520.0,512.75,512.75,513.7,515.58,685,"3,53,170.30",-,666,97.23
SUNDRMCLAY,EQ,27-09-2004,513.7,513.15,526.5,508.0,512.0,513.3,513.38,"2,832","14,53,900.00",-,"2,225",78.57
SUNDRMCLAY,EQ,28-09-2004,513.3,515.0,525.0,507.5,524.0,518.45,513.9,"3,222","16,55,774.70",-,"3,057",94.88
SUNDRMCLAY,EQ,29-09-2004,518.45,520.05,530.0,500.2,514.0,520.4,516.66,"4,742","24,49,996.80",-,"3,744",78.95
SUNDRMCLAY,EQ,30-09-2004,520.4,525.0,533.75,517.0,528.75,528.55,528.77,"2,680","14,17,104.15",-,"2,017",75.26
SUNDRMCLAY,EQ,01-10-2004,528.55,524.0,533.35,517.25,533.35,531.5,527.01,"2,965","15,62,579.00",-,"1,934",65.23
SUNDRMCLAY,EQ,04-10-2004,531.5,532.0,532.0,519.0,519.0,520.8,523.9,"2,622","13,73,676.35",-,"1,896",72.31
SUNDRMCLAY,EQ,05-10-2004,520.8,530.0,530.0,518.55,530.0,526.45,525.46,"1,269","6,66,811.95",-,"1,059",83.45
SUNDRMCLAY,EQ,06-10-2004,526.45,537.0,539.0,522.0,523.0,524.1,525.3,"1,218","6,39,821.40",-,935,76.77
SUNDRMCLAY,EQ,07-10-2004,524.1,522.0,522.0,514.5,518.5,519.2,518.15,"3,522","18,24,909.70",-,"2,615",74.25
SUNDRMCLAY,EQ,08-10-2004,519.2,520.0,524.0,512.05,518.9,517.85,515.4,"1,449","7,46,821.25",-,"1,141",78.74
SUNDRMCLAY,EQ,09-10-2004,517.85,527.95,528.0,515.55,515.55,517.3,519.46,525,"2,72,716.95",-,430,81.9
SUNDRMCLAY,EQ,11-10-2004,517.3,518.85,522.95,511.05,511.05,515.4,517.49,785,"4,06,231.80",-,594,75.67
SUNDRMCLAY,EQ,12-10-2004,515.4,508.3,510.25,493.1,500.0,498.8,503.78,"4,056","20,43,321.95",-,"3,466",85.45
SUNDRMCLAY,EQ,14-10-2004,498.8,499.95,500.0,491.5,499.75,498.4,496.58,"4,759","23,63,239.10",-,"4,120",86.57
SUNDRMCLAY,EQ,15-10-2004,498.4,500.0,500.0,484.0,500.0,499.1,493.64,"4,735","23,37,395.45",-,"2,835",59.87
SUNDRMCLAY,EQ,18-10-2004,499.1,499.8,507.85,494.6,504.0,502.35,500.06,"1,028","5,14,058.45",-,792,77.04
SUNDRMCLAY,EQ,19-10-2004,502.35,502.6,509.85,502.6,507.1,507.75,506.78,"2,198","11,13,909.80",-,"1,702",77.43
SUNDRMCLAY,EQ,20-10-2004,507.75,510.0,519.75,505.25,509.3,506.9,509.98,"2,782","14,18,773.25",-,"2,214",79.58
SUNDRMCLAY,EQ,21-10-2004,506.9,515.0,515.0,508.0,510.0,510.4,511.55,"1,468","7,50,955.90",-,"1,330",90.6
SUNDRMCLAY,EQ,25-10-2004,510.4,522.0,522.0,498.0,504.0,505.0,505.72,"6,608","33,41,792.20",-,"5,925",89.66
SUNDRMCLAY,EQ,26-10-2004,505.0,510.0,513.65,500.0,508.0,504.4,506.49,"1,268","6,42,230.15",-,"1,168",92.11
SUNDRMCLAY,EQ,27-10-2004,504.4,508.0,515.0,505.0,512.0,512.0,510.23,"3,543","18,07,739.10",-,"3,189",90.01
SUNDRMCLAY,EQ,28-10-2004,512.0,517.0,523.95,513.0,522.0,520.8,518.0,"3,434","17,78,829.05",-,"3,343",97.35
SUNDRMCLAY,EQ,29-10-2004,520.8,520.0,525.0,513.0,515.0,516.5,518.56,"3,368","17,46,503.95",-,"2,953",87.68
SUNDRMCLAY,EQ,01-11-2004,516.5,518.15,523.95,505.5,511.0,511.2,514.05,"2,297","11,80,779.30",-,"2,156",93.86
SUNDRMCLAY,EQ,02-11-2004,511.2,502.0,516.85,502.0,510.05,514.25,513.55,"1,871","9,60,852.50",-,"1,500",80.17
SUNDRMCLAY,EQ,03-11-2004,514.25,524.95,529.0,509.0,529.0,528.4,521.77,"4,755","24,81,034.05",-,"4,146",87.19
SUNDRMCLAY,EQ,04-11-2004,528.4,502.5,525.0,502.5,518.15,519.0,519.84,"1,216","6,32,124.25",-,859,70.64
SUNDRMCLAY,EQ,05-11-2004,519.0,520.0,524.0,514.0,520.05,522.6,520.61,818,"4,25,860.50",-,720,88.02
SUNDRMCLAY,EQ,08-11-2004,522.6,512.0,524.75,512.0,518.35,520.9,519.6,"1,730","8,98,904.85",-,"1,530",88.44
SUNDRMCLAY,EQ,09-11-2004,520.9,519.05,531.8,519.0,531.8,527.9,523.78,"3,848","20,15,519.20",-,"3,497",90.88
SUNDRMCLAY,EQ,10-11-2004,527.9,519.05,538.0,519.05,538.0,532.65,529.42,"3,046","16,12,605.40",-,"2,680",87.98
SUNDRMCLAY,EQ,11-11-2004,532.65,525.0,533.9,525.0,525.1,525.95,527.39,"1,315","6,93,511.40",-,"1,001",76.12
SUNDRMCLAY,EQ,12-11-2004,525.95,600.0,600.0,529.95,539.0,538.6,538.79,"1,033","5,56,574.00",-,923,89.35
SUNDRMCLAY,EQ,16-11-2004,538.6,546.0,567.95,545.0,559.0,561.05,558.03,"8,366","46,68,492.80",-,"7,340",87.74
SUNDRMCLAY,EQ,17-11-2004,561.05,532.0,575.0,532.0,570.0,567.65,565.07,"8,150","46,05,291.55",-,"6,993",85.8
SUNDRMCLAY,EQ,18-11-2004,567.65,553.0,575.0,553.0,575.0,574.5,569.15,"2,311","13,15,309.50",-,"1,593",68.93
SUNDRMCLAY,EQ,19-11-2004,574.5,570.0,574.0,546.2,550.0,555.9,564.58,"6,055","34,18,555.80",-,"5,179",85.53
SUNDRMCLAY,EQ,22-11-2004,555.9,565.0,576.0,525.0,573.0,574.35,568.5,"5,473","31,11,422.35",-,"4,576",83.61
SUNDRMCLAY,EQ,23-11-2004,574.35,570.0,639.9,570.0,625.0,607.0,596.39,"11,670","69,59,926.95",-,"10,187",87.29
SUNDRMCLAY,EQ,24-11-2004,607.0,627.0,649.9,616.0,626.5,639.55,640.96,"14,283","91,54,836.00",-,"11,451",80.17
SUNDRMCLAY,EQ,25-11-2004,639.55,630.0,647.0,630.0,645.0,641.6,640.55,"3,801","24,34,727.45",-,"3,461",91.05
SUNDRMCLAY,EQ,29-11-2004,641.6,645.0,685.7,645.0,658.0,660.4,655.33,"3,452","22,62,211.20",-,"3,009",87.17
SUNDRMCLAY,EQ,30-11-2004,660.4,660.0,680.0,644.0,675.0,664.05,653.51,"11,588","75,72,872.70",-,"10,641",91.83
SUNDRMCLAY,EQ,01-12-2004,664.05,655.0,655.0,647.5,655.0,653.35,650.77,"4,357","28,35,422.20",-,"4,085",93.76
SUNDRMCLAY,EQ,02-12-2004,653.35,655.0,660.0,642.5,650.0,650.0,648.86,"9,696","62,91,364.25",-,"8,700",89.73
SUNDRMCLAY,EQ,03-12-2004,650.0,651.05,656.95,650.0,650.0,650.15,650.33,"6,008","39,07,163.20",-,"5,704",94.94
SUNDRMCLAY,EQ,06-12-2004,650.15,650.0,655.0,610.0,650.0,649.95,649.91,"6,380","41,46,451.60",-,"6,135",96.16
SUNDRMCLAY,EQ,07-12-2004,649.95,650.0,651.0,628.5,650.0,650.0,647.29,"10,952","70,89,166.00",-,"4,787",43.71
SUNDRMCLAY,EQ,08-12-2004,650.0,650.0,653.45,635.0,650.0,650.0,649.29,"4,145","26,91,316.85",-,"3,526",85.07
SUNDRMCLAY,EQ,09-12-2004,650.0,651.0,655.0,645.05,655.0,653.95,650.11,"2,283","14,84,193.15",-,"1,923",84.23
SUNDRMCLAY,EQ,10-12-2004,653.95,651.0,651.0,632.0,633.9,634.6,643.32,807,"5,19,158.75",-,589,72.99
SUNDRMCLAY,EQ,13-12-2004,634.6,620.1,654.9,620.1,647.0,648.65,649.5,"1,816","11,79,482.95",-,"1,521",83.76
SUNDRMCLAY,EQ,14-12-2004,648.65,636.0,665.0,636.0,664.0,660.8,653.85,"3,677","24,04,191.40",-,"3,481",94.67
SUNDRMCLAY,EQ,15-12-2004,660.8,643.1,660.0,643.1,659.0,657.85,654.42,"2,817","18,43,505.80",-,"1,978",70.22
SUNDRMCLAY,EQ,16-12-2004,657.85,650.5,665.0,650.2,652.5,656.75,655.31,"2,511","16,45,490.55",-,"1,860",74.07
SUNDRMCLAY,EQ,17-12-2004,656.75,655.0,658.5,650.25,651.0,651.45,653.59,"1,929","12,60,776.40",-,"1,632",84.6
SUNDRMCLAY,EQ,20-12-2004,651.45,650.0,658.9,650.0,655.0,655.55,655.08,"2,414","15,81,353.75",-,"2,379",98.55
SUNDRMCLAY,EQ,21-12-2004,655.55,655.0,674.9,655.0,664.35,660.7,661.6,"3,213","21,25,721.70",-,"2,820",87.77
SUNDRMCLAY,EQ,22-12-2004,660.7,655.2,673.9,655.2,669.6,668.6,667.63,"2,253","15,04,175.90",-,"1,832",81.31
SUNDRMCLAY,EQ,23-12-2004,668.6,698.9,749.5,680.0,745.0,744.85,733.35,"22,611","1,65,81,706.30",-,"19,361",85.63
SUNDRMCLAY,EQ,24-12-2004,744.85,780.0,780.0,730.0,754.0,750.55,746.64,"6,203","46,31,419.25",-,"3,941",63.53
SUNDRMCLAY,EQ,27-12-2004,750.55,730.7,789.0,702.25,789.0,779.1,767.23,"5,823","44,67,572.70",-,"3,926",67.42
SUNDRMCLAY,EQ,28-12-2004,779.1,798.0,805.0,785.0,805.0,802.0,797.55,"19,173","1,52,91,416.15",-,"18,186",94.85
SUNDRMCLAY,EQ,29-12-2004,802.0,834.0,835.0,778.0,810.0,807.45,799.08,"5,629","44,98,008.80",-,"3,977",70.65
SUNDRMCLAY,EQ,30-12-2004,807.45,801.0,814.0,790.0,800.0,799.1,800.11,"7,380","59,04,837.85",-,"6,825",92.48
SUNDRMCLAY,EQ,31-12-2004,799.1,801.3,827.5,801.3,820.0,824.4,816.4,"22,878","1,86,77,595.20",-,"22,416",97.98
SUNDRMCLAY,EQ,03-01-2005,824.4,821.0,845.0,821.0,840.0,837.65,833.56,"4,846","40,39,425.60",-,"4,433",91.48
SUNDRMCLAY,EQ,04-01-2005,837.65,821.0,827.7,817.0,826.9,822.35,819.52,"3,478","28,50,305.45",-,"3,245",93.3
SUNDRMCLAY,EQ,05-01-2005,822.35,792.1,826.9,790.0,826.9,817.2,808.68,"8,528","68,96,428.70",-,"7,656",89.77
SUNDRMCLAY,EQ,06-01-2005,817.2,802.05,807.0,790.0,800.0,800.05,799.55,"9,892","79,09,184.70",-,"8,991",90.89
SUNDRMCLAY,EQ,07-01-2005,800.05,800.05,814.95,800.0,800.0,800.0,800.5,"2,009","16,08,209.65",-,"1,698",84.52
SUNDRMCLAY,EQ,10-01-2005,800.0,775.0,813.9,775.0,800.0,801.45,801.07,"2,689","21,54,081.40",-,"2,481",92.26
SUNDRMCLAY,EQ,11-01-2005,801.45,800.0,800.1,736.05,760.0,762.35,767.62,"3,573","27,42,716.20",-,"3,149",88.13
SUNDRMCLAY,EQ,12-01-2005,762.35,745.5,760.0,745.1,750.0,750.1,750.88,"4,666","35,03,595.65",-,"4,417",94.66
SUNDRMCLAY,EQ,13-01-2005,750.1,692.0,774.75,690.0,772.0,770.05,744.1,"4,742","35,28,501.50",-,"4,298",90.64
SUNDRMCLAY,EQ,14-01-2005,770.05,775.0,785.0,752.0,752.0,759.3,775.01,631,"4,89,033.50",-,448,71.0
SUNDRMCLAY,EQ,17-01-2005,759.3,730.05,750.0,725.05,750.0,749.75,741.32,"2,314","17,15,419.30",-,"1,963",84.83
SUNDRMCLAY,EQ,18-01-2005,749.75,735.05,765.75,735.05,750.0,751.8,747.2,"1,012","7,56,171.30",-,835,82.51
SUNDRMCLAY,EQ,19-01-2005,751.8,750.0,766.9,750.0,755.5,755.5,758.11,"1,046","7,92,979.50",-,413,39.48
SUNDRMCLAY,EQ,20-01-2005,755.5,753.0,773.9,741.0,760.0,764.45,750.51,"1,636","12,27,833.80",-,"1,345",82.21
SUNDRMCLAY,EQ,24-01-2005,764.45,755.0,772.95,745.0,750.0,749.3,760.58,"2,013","15,31,047.90",-,"1,359",67.51
SUNDRMCLAY,EQ,25-01-2005,749.3,735.7,750.0,735.7,737.85,738.75,744.78,"1,087","8,09,575.70",-,327,30.08
SUNDRMCLAY,EQ,27-01-2005,738.75,707.0,758.0,707.0,731.0,730.3,732.57,"5,540","40,58,452.10",-,"5,122",92.45
SUNDRMCLAY,EQ,28-01-2005,730.3,766.5,766.5,725.15,734.0,731.85,731.69,460,"3,36,577.15",-,350,76.09
SUNDRMCLAY,EQ,31-01-2005,731.85,730.0,739.9,716.0,727.0,726.65,728.49,"1,905","13,87,765.90",-,"1,618",84.93
SUNDRMCLAY,EQ,01-02-2005,726.65,760.0,760.0,710.0,725.0,719.75,722.97,"8,098","58,54,631.35",-,"7,809",96.43
SUNDRMCLAY,EQ,02-02-2005,719.75,714.0,714.0,695.0,708.9,700.5,700.79,"4,031","28,24,890.50",-,"3,500",86.83
SUNDRMCLAY,EQ,03-02-2005,700.5,715.0,725.0,695.1,725.0,724.4,716.74,"4,489","32,17,438.55",-,"3,999",89.08
SUNDRMCLAY,EQ,04-02-2005,724.4,714.0,725.0,707.5,725.0,720.6,718.29,"3,114","22,36,761.95",-,"2,815",90.4
SUNDRMCLAY,EQ,07-02-2005,720.6,701.1,717.0,701.0,710.0,710.2,703.68,"27,409","1,92,87,140.25",-,"27,093",98.85
SUNDRMCLAY,EQ,08-02-2005,710.2,705.0,739.9,700.0,737.8,733.55,721.1,"3,514","25,33,961.80",-,"3,362",95.67
SUNDRMCLAY,EQ,09-02-2005,733.55,708.0,752.0,708.0,750.0,749.35,742.4,"5,666","42,06,449.15",-,"4,050",71.48
SUNDRMCLAY,EQ,10-02-2005,749.35,740.25,763.95,740.25,747.9,748.45,757.38,"2,532","19,17,688.60",-,"2,307",91.11
SUNDRMCLAY,EQ,11-02-2005,748.45,737.0,759.5,737.0,738.05,740.4,744.22,714,"5,31,373.15",-,538,75.35
SUNDRMCLAY,EQ,14-02-2005,740.4,745.0,745.0,727.0,727.05,728.9,732.67,"3,875","28,39,087.95",-,"3,613",93.24
SUNDRMCLAY,EQ,15-02-2005,728.9,730.5,737.85,727.0,729.0,729.8,730.58,"1,829","13,36,222.55",-,"1,213",66.32
SUNDRMCLAY,EQ,16-02-2005,729.8,727.5,730.0,711.0,711.0,712.65,719.62,"1,432","10,30,497.30",-,982,68.58
SUNDRMCLAY,EQ,17-02-2005,712.65,714.5,725.0,697.0,725.0,714.8,711.83,"6,174","43,94,849.55",-,"5,473",88.65
SUNDRMCLAY,EQ,18-02-2005,714.8,722.0,728.85,696.0,714.5,708.55,708.36,"1,984","14,05,377.75",-,"1,882",94.86
SUNDRMCLAY,EQ,21-02-2005,708.55,700.0,707.0,686.0,707.0,702.45,696.73,"1,527","10,63,908.95",-,"1,342",87.88
SUNDRMCLAY,EQ,22-02-2005,702.45,780.0,780.0,690.1,699.0,699.95,700.0,"1,502","10,51,404.55",-,865,57.59
SUNDRMCLAY,EQ,23-02-2005,699.95,695.0,713.95,695.0,705.0,710.0,703.38,"2,831","19,91,257.50",-,"1,972",69.66
SUNDRMCLAY,EQ,24-02-2005,710.0,690.5,698.65,681.0,688.5,692.4,689.28,"1,702","11,73,160.05",-,"1,203",70.68
SUNDRMCLAY,EQ,25-02-2005,692.4,800.0,800.0,691.1,700.0,697.5,707.05,"1,668","11,79,351.95",-,"1,236",74.1
SUNDRMCLAY,EQ,28-02-2005,697.5,691.05,729.9,680.1,729.9,713.25,700.81,"2,256","15,81,038.20",-,"1,816",80.5
SUNDRMCLAY,EQ,01-03-2005,713.25,714.8,715.4,696.0,708.0,707.25,708.59,"1,135","8,04,255.20",-,995,87.67
SUNDRMCLAY,EQ,02-03-2005,707.25,703.0,724.9,703.0,724.9,717.9,716.16,"1,249","8,94,477.70",-,"1,249",100.0
SUNDRMCLAY,EQ,03-03-2005,717.9,724.95,725.0,698.0,720.0,715.85,710.46,"1,510","10,72,799.15",-,969,64.17
SUNDRMCLAY,EQ,04-03-2005,715.85,717.0,719.0,708.0,708.35,714.75,713.9,607,"4,33,334.45",-,596,98.19
SUNDRMCLAY,EQ,07-03-2005,714.75,710.05,719.9,705.0,716.0,715.75,714.09,"1,272","9,08,321.25",-,"1,020",80.19
SUNDRMCLAY,EQ,08-03-2005,715.75,710.0,718.0,706.5,715.0,712.15,711.11,"1,415","10,06,226.00",-,"1,245",87.99
SUNDRMCLAY,EQ,09-03-2005,712.15,680.55,706.9,680.55,699.05,700.95,689.09,"5,062","34,88,177.30",-,"4,003",79.08
SUNDRMCLAY,EQ,10-03-2005,700.95,710.0,717.9,695.0,700.0,699.55,705.84,"1,247","8,80,185.15",-,516,41.38
SUNDRMCLAY,EQ,11-03-2005,699.55,695.0,720.9,695.0,715.0,716.4,708.44,"1,036","7,33,941.30",-,819,79.05
SUNDRMCLAY,EQ,14-03-2005,716.4,676.05,721.4,676.05,720.0,716.5,709.36,"1,368","9,70,407.50",-,"1,280",93.57
SUNDRMCLAY,EQ,15-03-2005,716.5,719.95,719.95,698.0,708.2,713.2,710.01,646,"4,58,666.40",-,514,79.57
SUNDRMCLAY,EQ,16-03-2005,713.2,715.0,715.0,699.0,700.2,701.35,702.12,"2,806","19,70,136.30",-,"2,742",97.72
SUNDRMCLAY,EQ,17-03-2005,701.35,700.0,717.0,700.0,709.7,714.0,711.85,"1,818","12,94,149.75",-,"1,200",66.01
SUNDRMCLAY,EQ,18-03-2005,714.0,701.1,715.0,699.5,710.2,710.2,710.94,"1,050","7,46,484.35",-,880,83.81
SUNDRMCLAY,EQ,21-03-2005,710.2,703.5,714.75,702.0,702.0,703.35,705.48,190,"1,34,041.90",-,148,77.89
SUNDRMCLAY,EQ,22-03-2005,703.35,700.0,700.0,681.0,681.0,683.7,692.81,960,"6,65,095.50",-,806,83.96
SUNDRMCLAY,EQ,23-03-2005,683.7,708.0,708.0,670.0,670.0,670.05,673.75,"2,315","15,59,724.70",-,"2,154",93.05
SUNDRMCLAY,EQ,24-03-2005,670.05,675.0,695.75,675.0,690.0,690.0,685.31,"1,935","13,26,073.40",-,"1,768",91.37
SUNDRMCLAY,EQ,28-03-2005,690.0,675.0,699.0,675.0,690.0,690.25,692.73,"2,624","18,17,714.70",-,"2,561",97.6
SUNDRMCLAY,EQ,29-03-2005,690.25,690.95,691.0,682.1,686.0,688.3,689.18,552,"3,80,426.75",-,502,90.94
SUNDRMCLAY,EQ,30-03-2005,688.3,664.95,719.9,664.95,718.8,712.95,680.79,"2,956","20,12,407.35",-,"2,458",83.15
SUNDRMCLAY,EQ,31-03-2005,712.95,691.0,705.0,690.0,705.0,699.85,699.82,"2,268","15,87,187.50",-,"2,243",98.9
SUNDRMCLAY,EQ,01-04-2005,699.85,698.0,712.0,698.0,700.0,702.35,709.59,"3,411","24,20,402.60",-,"3,387",99.3
SUNDRMCLAY,EQ,04-04-2005,702.35,705.0,710.0,702.05,705.0,705.0,705.93,713,"5,03,328.25",-,595,83.45
SUNDRMCLAY,EQ,05-04-2005,705.0,704.95,705.0,700.0,700.0,700.0,701.59,405,"2,84,141.95",-,295,72.84
SUNDRMCLAY,EQ,06-04-2005,700.0,696.1,710.0,695.0,710.0,707.05,706.32,"2,219","15,67,331.05",-,"1,838",82.83
SUNDRMCLAY,EQ,07-04-2005,707.05,710.0,715.0,707.0,713.95,710.4,711.13,420,"2,98,676.00",-,384,91.43
SUNDRMCLAY,EQ,08-04-2005,710.4,750.0,750.0,700.0,710.0,708.2,702.93,"2,644","18,58,544.85",-,"2,424",91.68
SUNDRMCLAY,EQ,11-04-2005,708.2,701.05,705.0,700.0,700.0,700.0,702.02,30,"21,060.50",-,20,66.67
SUNDRMCLAY,EQ,12-04-2005,700.0,686.05,705.0,686.05,700.0,703.45,699.45,"1,008","7,05,043.80",-,940,93.25
SUNDRMCLAY,EQ,13-04-2005,703.45,700.0,711.5,700.0,710.0,702.7,705.43,"1,827","12,88,827.50",-,"1,685",92.23
SUNDRMCLAY,EQ,15-04-2005,702.7,670.05,700.95,670.05,700.0,700.05,699.54,"1,391","9,73,053.70",-,"1,354",97.34
SUNDRMCLAY,EQ,18-04-2005,700.05,690.0,701.0,690.0,701.0,701.0,698.42,393,"2,74,480.00",-,393,100.0
SUNDRMCLAY,EQ,19-04-2005,701.0,701.0,745.0,700.0,745.0,716.45,701.98,"8,022","56,31,293.40",-,"7,916",98.68
SUNDRMCLAY,EQ,20-04-2005,716.45,725.0,725.0,700.1,724.0,716.25,713.25,"1,501","10,70,591.85",-,806,53.7
SUNDRMCLAY,EQ,21-04-2005,716.25,710.0,740.0,703.25,740.0,720.25,716.72,"1,508","10,80,813.00",-,"1,306",86.6
SUNDRMCLAY,EQ,22-04-2005,720.25,710.0,750.0,710.0,722.0,725.05,722.5,"1,893","13,67,691.95",-,"1,615",85.31
SUNDRMCLAY,EQ,25-04-2005,725.05,725.0,735.0,707.0,720.0,727.4,725.31,631,"4,57,671.55",-,531,84.15
SUNDRMCLAY,EQ,26-04-2005,727.4,730.0,744.5,730.0,740.0,740.0,739.64,838,"6,19,822.35",-,744,88.78
SUNDRMCLAY,EQ,27-04-2005,740.0,746.0,790.0,712.35,712.35,714.45,745.88,758,"5,65,379.60",-,498,65.7
SUNDRMCLAY,EQ,28-04-2005,714.45,702.6,720.9,702.0,711.0,711.0,707.83,109,"77,153.30",-,84,77.06
SUNDRMCLAY,EQ,29-04-2005,711.0,700.25,729.0,700.1,729.0,723.4,719.21,711,"5,11,355.55",-,586,82.42
SUNDRMCLAY,EQ,02-05-2005,723.4,705.0,730.0,705.0,710.0,710.0,707.45,380,"2,68,830.00",-,379,99.74
SUNDRMCLAY,EQ,03-05-2005,710.0,710.0,710.0,700.0,700.0,701.15,701.43,"7,017","49,21,929.00",-,"6,855",97.69
SUNDRMCLAY,EQ,04-05-2005,701.15,706.0,706.0,695.05,700.0,700.0,699.95,"5,121","35,84,459.75",-,"5,099",99.57
SUNDRMCLAY,EQ,05-05-2005,700.0,705.0,706.0,690.15,700.0,699.75,701.36,"6,592","46,23,383.05",-,"6,049",91.76
SUNDRMCLAY,EQ,06-05-2005,699.75,693.0,700.0,692.05,696.05,699.6,699.78,"3,361","23,51,949.45",-,"3,230",96.1
SUNDRMCLAY,EQ,09-05-2005,699.6,701.0,703.5,696.05,700.0,698.75,700.91,751,"5,26,383.00",-,641,85.35
SUNDRMCLAY,EQ,10-05-2005,698.75,709.0,715.0,700.0,715.0,708.45,708.01,"8,136","57,60,380.15",-,"8,097",99.52
SUNDRMCLAY,EQ,11-05-2005,708.45,710.0,714.75,705.15,714.75,714.75,709.9,"6,545","46,46,320.15",-,"6,349",97.01
SUNDRMCLAY,EQ,12-05-2005,714.75,719.8,734.75,705.5,727.0,729.65,723.87,"1,468","10,62,638.55",-,"1,318",89.78
SUNDRMCLAY,EQ,13-05-2005,729.65,734.0,738.45,725.0,730.0,729.9,731.71,834,"6,10,245.95",-,751,90.05
SUNDRMCLAY,EQ,16-05-2005,729.9,738.0,738.0,712.0,725.0,728.15,726.63,859,"6,24,177.70",-,705,82.07
SUNDRMCLAY,EQ,17-05-2005,728.15,739.95,739.95,718.05,722.1,722.55,723.41,708,"5,12,171.25",-,508,71.75
SUNDRMCLAY,EQ,18-05-2005,722.55,677.0,750.0,677.0,750.0,749.75,738.58,"2,418","17,85,894.35",-,"2,410",99.67
SUNDRMCLAY,EQ,19-05-2005,749.75,730.0,750.0,720.1,740.0,740.0,738.54,"1,278","9,43,855.55",-,923,72.22
SUNDRMCLAY,EQ,20-05-2005,740.0,739.0,739.0,730.0,730.0,730.0,732.21,106,"77,614.25",-,97,91.51
SUNDRMCLAY,EQ,23-05-2005,730.0,735.0,735.0,724.1,724.25,724.6,724.69,584,"4,23,220.05",-,530,90.75
SUNDRMCLAY,EQ,24-05-2005,724.6,735.0,749.0,730.1,730.55,730.55,740.26,538,"3,98,258.05",-,422,78.44
SUNDRMCLAY,EQ,25-05-2005,730.55,720.05,734.0,720.05,727.05,731.05,729.51,416,"3,03,477.00",-,361,86.78
SUNDRMCLAY,EQ,26-05-2005,731.05,729.0,740.0,720.0,726.0,726.0,731.34,742,"5,42,651.50",-,711,95.82
SUNDRMCLAY,EQ,27-05-2005,726.0,720.0,745.0,720.0,725.1,733.45,726.84,"1,680","12,21,093.65",-,"1,503",89.46
SUNDRMCLAY,EQ,30-05-2005,733.45,725.0,744.0,692.7,744.0,736.55,729.88,"1,030","7,51,776.75",-,974,94.56
SUNDRMCLAY,EQ,31-05-2005,736.55,740.0,750.0,709.65,750.0,746.05,731.6,"2,968","21,71,392.20",-,"2,327",78.4
SUNDRMCLAY,EQ,01-06-2005,746.05,712.75,751.55,712.75,729.0,731.55,734.18,341,"2,50,356.50",-,295,86.51
SUNDRMCLAY,EQ,02-06-2005,731.55,729.0,745.0,719.2,719.2,724.85,726.42,521,"3,78,465.25",-,382,73.32
SUNDRMCLAY,EQ,03-06-2005,724.85,739.85,739.85,725.75,726.0,726.05,729.74,455,"3,32,032.50",-,377,82.86
SUNDRMCLAY,EQ,04-06-2005,726.05,725.0,734.0,725.0,725.0,725.15,725.1,93,"67,434.00",-,93,100.0
SUNDRMCLAY,EQ,06-06-2005,725.15,725.0,740.0,721.55,733.0,731.05,733.26,"1,060","7,77,255.35",-,759,71.6
SUNDRMCLAY,EQ,07-06-2005,731.05,702.0,760.0,702.0,735.6,735.3,738.77,"1,591","11,75,386.60",-,"1,234",77.56
SUNDRMCLAY,EQ,08-06-2005,735.3,730.0,730.0,713.5,728.7,719.8,722.83,681,"4,92,244.50",-,634,93.1
SUNDRMCLAY,EQ,09-06-2005,719.8,755.0,755.0,710.0,739.0,734.95,723.25,"1,535","11,10,191.15",-,"1,254",81.69
SUNDRMCLAY,EQ,10-06-2005,734.95,722.05,722.05,705.0,705.0,711.05,713.84,337,"2,40,564.25",-,321,95.25
SUNDRMCLAY,EQ,13-06-2005,711.05,667.5,737.9,667.5,705.0,708.55,698.82,415,"2,90,008.95",-,296,71.33
SUNDRMCLAY,EQ,14-06-2005,708.55,696.55,730.0,696.55,730.0,724.9,717.07,"1,093","7,83,762.85",-,949,86.83
SUNDRMCLAY,EQ,15-06-2005,724.9,727.9,737.9,720.0,737.9,728.8,724.28,"10,684","77,38,223.95",-,"10,568",98.91
SUNDRMCLAY,EQ,16-06-2005,728.8,712.55,736.8,712.5,723.9,729.0,726.53,555,"4,03,226.05",-,382,68.83
SUNDRMCLAY,EQ,17-06-2005,729.0,720.0,733.5,711.0,720.0,717.9,717.47,360,"2,58,290.90",-,281,78.06
SUNDRMCLAY,EQ,20-06-2005,717.9,702.0,724.9,702.0,706.0,709.45,706.61,221,"1,56,161.05",-,143,64.71
SUNDRMCLAY,EQ,21-06-2005,709.45,706.55,719.95,698.0,701.0,711.9,704.78,"1,495","10,53,641.55",-,"1,101",73.65
SUNDRMCLAY,EQ,22-06-2005,711.9,700.0,715.8,691.2,700.0,700.1,699.79,"1,201","8,40,443.95",-,809,67.36
SUNDRMCLAY,EQ,23-06-2005,700.1,700.0,708.0,698.0,703.0,703.2,702.55,"1,206","8,47,269.95",-,798,66.17
SUNDRMCLAY,EQ,24-06-2005,703.2,734.0,734.0,700.1,701.1,707.35,713.59,964,"6,87,903.45",-,418,43.36
SUNDRMCLAY,EQ,27-06-2005,707.35,710.0,724.95,707.0,720.0,719.5,716.47,749,"5,36,637.95",-,665,88.79
SUNDRMCLAY,EQ,28-06-2005,719.5,710.8,725.0,710.7,720.0,718.75,715.47,"2,201","15,74,760.35",-,"1,909",86.73
SUNDRMCLAY,EQ,29-06-2005,718.75,727.5,728.0,709.0,713.0,713.2,711.19,"1,138","8,09,330.80",-,"1,068",93.85
SUNDRMCLAY,EQ,30-06-2005,713.2,709.0,777.0,695.1,777.0,733.75,717.31,"4,214","30,22,738.70",-,"3,589",85.17
SUNDRMCLAY,EQ,01-07-2005,733.75,715.55,730.0,715.05,730.0,725.85,723.64,299,"2,16,369.70",-,260,86.96
SUNDRMCLAY,EQ,04-07-2005,725.85,711.3,727.0,711.0,725.0,725.0,722.35,570,"4,11,739.85",-,466,81.75
SUNDRMCLAY,EQ,05-07-2005,725.0,715.0,724.95,708.05,710.0,716.3,714.47,"1,148","8,20,210.50",-,825,71.86
SUNDRMCLAY,EQ,06-07-2005,716.3,715.0,715.0,706.0,707.0,707.05,707.05,"1,01,288","7,16,16,106.95",-,"1,00,850",99.57
SUNDRMCLAY,EQ,07-07-2005,707.05,727.0,734.0,710.0,710.0,710.25,717.68,"2,035","14,60,488.60",-,"1,131",55.58
SUNDRMCLAY,EQ,08-07-2005,710.25,710.05,721.75,703.0,718.9,715.35,710.9,602,"4,27,963.85",-,518,86.05
SUNDRMCLAY,EQ,11-07-2005,715.35,675.0,727.9,675.0,711.1,714.9,710.43,636,"4,51,831.40",-,416,65.41
SUNDRMCLAY,EQ,12-07-2005,714.9,715.0,745.0,715.0,731.5,739.2,722.48,"1,00,058","7,22,90,107.60",-,"99,712",99.65
SUNDRMCLAY,EQ,13-07-2005,739.2,740.0,740.0,716.65,716.85,724.95,730.65,"2,007","14,66,416.75",-,"1,346",67.07
SUNDRMCLAY,EQ,14-07-2005,724.95,720.0,724.95,710.0,710.0,714.05,716.18,911,"6,52,442.85",-,363,39.85
SUNDRMCLAY,EQ,15-07-2005,714.05,741.45,750.0,715.25,745.0,745.65,738.33,"2,054","15,16,525.75",-,"1,460",71.08
SUNDRMCLAY,EQ,18-07-2005,745.65,718.0,735.0,718.0,725.05,727.8,727.0,"1,324","9,62,543.00",-,737,55.66
SUNDRMCLAY,EQ,19-07-2005,727.8,730.0,740.05,730.0,740.0,740.0,739.18,"1,942","14,35,479.45",-,"1,838",94.64
SUNDRMCLAY,EQ,20-07-2005,740.0,731.65,760.0,731.5,744.0,749.7,748.73,"1,553","11,62,777.50",-,"1,194",76.88
SUNDRMCLAY,EQ,21-07-2005,749.7,750.0,761.0,744.0,750.0,751.0,752.1,"2,386","17,94,520.00",-,"2,264",94.89
SUNDRMCLAY,EQ,22-07-2005,751.0,724.05,759.95,724.05,754.8,747.5,748.0,702,"5,25,098.00",-,527,75.07
SUNDRMCLAY,EQ,25-07-2005,747.5,733.55,780.0,733.55,761.0,764.95,762.52,"2,234","17,03,460.65",-,"1,691",75.69
SUNDRMCLAY,EQ,26-07-2005,764.95,790.0,790.0,762.05,779.0,772.8,771.52,"1,975","15,23,758.05",-,"1,795",90.89
SUNDRMCLAY,EQ,27-07-2005,772.8,754.55,761.0,751.05,751.05,751.05,755.48,753,"5,68,873.00",-,552,73.31
SUNDRMCLAY,EQ,29-07-2005,751.05,759.0,759.0,737.0,751.0,746.9,748.17,"1,041","7,78,849.55",-,876,84.15
SUNDRMCLAY,EQ,01-08-2005,746.9,733.3,745.0,733.15,745.0,743.1,741.81,420,"3,11,561.80",-,323,76.9
SUNDRMCLAY,EQ,02-08-2005,743.1,740.0,753.5,740.0,753.5,750.35,747.49,878,"6,56,293.40",-,749,85.31
SUNDRMCLAY,EQ,03-08-2005,750.35,765.0,775.0,715.15,765.0,758.75,755.37,"3,683","27,82,038.05",-,"3,147",85.45
SUNDRMCLAY,EQ,04-08-2005,758.75,742.1,760.0,742.0,747.5,751.3,749.87,"1,865","13,98,506.70",-,"1,452",77.86
SUNDRMCLAY,EQ,05-08-2005,751.3,726.05,755.0,726.0,755.0,750.6,749.1,962,"7,20,636.85",-,867,90.12
SUNDRMCLAY,EQ,08-08-2005,750.6,713.1,755.0,713.1,755.0,750.0,745.11,"3,138","23,38,164.75",-,"2,480",79.03
SUNDRMCLAY,EQ,09-08-2005,750.0,735.95,760.0,735.9,750.0,755.25,754.37,"3,407","25,70,138.90",-,"3,147",92.37
SUNDRMCLAY,EQ,10-08-2005,755.25,750.0,760.0,739.35,758.8,754.65,746.92,"2,621","19,57,666.55",-,"1,651",62.99
SUNDRMCLAY,EQ,11-08-2005,754.65,750.0,760.0,733.55,759.95,756.5,753.05,"1,436","10,81,374.95",-,"1,301",90.6
SUNDRMCLAY,EQ,12-08-2005,756.5,735.1,760.0,735.1,759.0,757.45,754.93,"1,185","8,94,586.85",-,960,81.01
SUNDRMCLAY,EQ,16-08-2005,757.45,798.0,798.0,715.2,741.0,742.25,741.78,"2,455","18,21,057.65",-,"1,893",77.11
SUNDRMCLAY,EQ,17-08-2005,742.25,750.0,760.0,717.0,760.0,752.1,744.6,"1,052","7,83,317.80",-,708,67.3
SUNDRMCLAY,EQ,18-08-2005,752.1,756.0,756.0,732.85,740.5,747.0,746.1,"1,247","9,30,385.20",-,874,70.09
SUNDRMCLAY,EQ,19-08-2005,747.0,740.0,750.0,736.0,750.0,748.05,743.36,923,"6,86,121.55",-,687,74.43
SUNDRMCLAY,EQ,22-08-2005,748.05,799.0,799.0,740.15,747.9,745.8,746.36,"2,270","16,94,242.80",-,"1,832",80.7
SUNDRMCLAY,EQ,23-08-2005,745.8,760.0,760.0,732.3,748.8,748.05,744.46,693,"5,15,907.35",-,538,77.63
SUNDRMCLAY,EQ,24-08-2005,748.05,731.25,748.6,731.25,748.6,743.8,737.39,556,"4,09,986.30",-,409,73.56
SUNDRMCLAY,EQ,25-08-2005,743.8,755.0,755.0,738.55,739.05,746.15,745.55,605,"4,51,060.30",-,537,88.76
SUNDRMCLAY,EQ,26-08-2005,746.15,745.0,748.95,731.1,732.05,737.0,738.13,"1,411","10,41,498.55",-,857,60.74
SUNDRMCLAY,EQ,29-08-2005,737.0,735.1,735.1,725.0,730.0,730.0,731.41,616,"4,50,551.00",-,615,99.84
SUNDRMCLAY,EQ,30-08-2005,730.0,726.0,750.0,724.55,725.0,730.6,732.77,"1,732","12,69,156.65",-,"1,506",86.95
SUNDRMCLAY,EQ,31-08-2005,730.6,724.95,754.8,724.7,732.0,740.7,736.73,"1,158","8,53,130.90",-,"1,027",88.69
SUNDRMCLAY,EQ,01-09-2005,740.7,682.8,753.0,682.8,740.0,740.0,742.2,"2,382","17,67,921.55",-,"1,646",69.1
SUNDRMCLAY,EQ,02-09-2005,740.0,732.05,746.85,730.15,746.85,741.65,740.13,"2,144","15,86,828.95",-,"1,123",52.38
SUNDRMCLAY,EQ,05-09-2005,741.65,738.0,759.85,738.0,759.85,747.95,745.96,663,"4,94,572.05",-,573,86.43
SUNDRMCLAY,EQ,06-09-2005,747.95,750.0,754.8,741.0,742.05,745.8,745.76,"1,335","9,95,590.10",-,327,24.49
SUNDRMCLAY,EQ,08-09-2005,745.8,740.55,750.0,740.35,750.0,748.35,745.79,"2,145","15,99,714.50",-,816,38.04
SUNDRMCLAY,EQ,09-09-2005,748.35,750.0,755.9,749.0,752.0,754.4,751.28,"2,582","19,39,794.45",-,"2,268",87.84
SUNDRMCLAY,EQ,12-09-2005,754.4,713.0,776.0,713.0,768.3,774.5,762.27,"1,738","13,24,827.90",-,"1,414",81.36
SUNDRMCLAY,EQ,13-09-2005,774.5,791.0,840.0,743.0,806.25,812.15,802.45,"3,840","30,81,401.55",-,"1,870",48.7
SUNDRMCLAY,EQ,14-09-2005,812.15,815.0,840.0,807.0,820.0,818.7,830.5,"2,729","22,66,439.90",-,"2,043",74.86
SUNDRMCLAY,EQ,15-09-2005,818.7,830.0,845.0,810.0,810.0,817.6,829.63,"2,513","20,84,848.10",-,"1,544",61.44
SUNDRMCLAY,EQ,16-09-2005,817.6,815.0,835.95,800.0,812.45,815.75,811.55,"3,028","24,57,380.15",-,"1,244",41.08
SUNDRMCLAY,EQ,19-09-2005,815.75,815.0,820.0,793.1,805.0,801.55,808.86,"1,165","9,42,318.65",-,915,78.54
SUNDRMCLAY,EQ,20-09-2005,801.55,811.75,819.75,775.5,801.0,801.0,806.1,"7,859","63,35,144.95",-,894,11.38
SUNDRMCLAY,EQ,21-09-2005,801.0,800.0,814.85,775.0,810.0,804.4,797.86,"1,207","9,63,012.95",-,"1,065",88.24
SUNDRMCLAY,EQ,22-09-2005,804.4,814.9,814.9,760.0,790.0,779.5,781.27,"1,906","14,89,093.95",-,774,40.61
SUNDRMCLAY,EQ,23-09-2005,779.5,755.05,795.4,750.0,795.4,789.45,776.62,"1,378","10,70,176.20",-,915,66.4
SUNDRMCLAY,EQ,26-09-2005,789.45,775.0,808.7,775.0,797.0,796.65,790.44,"1,779","14,06,192.10",-,"1,436",80.72
SUNDRMCLAY,EQ,27-09-2005,796.65,789.55,810.0,789.5,795.0,801.45,799.58,"1,084","8,66,741.80",-,655,60.42
SUNDRMCLAY,EQ,28-09-2005,801.45,790.8,800.95,777.05,793.05,795.8,791.47,664,"5,25,536.90",-,467,70.33
SUNDRMCLAY,EQ,29-09-2005,795.8,809.5,895.0,809.5,850.0,837.95,827.5,"18,217","1,50,74,557.95",-,"17,570",96.45
SUNDRMCLAY,EQ,30-09-2005,837.95,845.0,859.9,815.0,859.9,843.3,838.08,"3,330","27,90,796.25",-,"2,976",89.37
SUNDRMCLAY,EQ,03-10-2005,843.3,895.0,895.0,825.0,828.5,835.85,838.12,"6,817","57,13,490.30",-,"6,373",93.49
SUNDRMCLAY,EQ,04-10-2005,835.85,828.05,840.0,820.0,824.0,829.45,836.85,"6,601","55,24,018.30",-,"6,324",95.8
SUNDRMCLAY,EQ,05-10-2005,829.45,824.0,851.0,804.0,838.0,842.15,826.39,"21,681","1,79,16,949.00",-,"21,249",98.01
SUNDRMCLAY,EQ,06-10-2005,842.15,830.0,838.0,801.1,838.0,837.05,831.93,"1,742","14,49,224.80",-,"1,470",84.39
SUNDRMCLAY,EQ,07-10-2005,837.05,835.0,849.75,830.0,849.75,838.5,837.32,"2,180","18,25,364.75",-,"2,173",99.68
SUNDRMCLAY,EQ,10-10-2005,838.5,845.0,849.75,812.5,827.25,830.7,840.79,361,"3,03,523.90",-,301,83.38
SUNDRMCLAY,EQ,11-10-2005,830.7,827.25,848.8,800.0,800.0,821.7,826.23,"1,279","10,56,752.55",-,"1,156",90.38
SUNDRMCLAY,EQ,13-10-2005,821.7,797.0,840.0,797.0,832.75,830.9,828.81,993,"8,23,003.75",-,877,88.32
SUNDRMCLAY,EQ,14-10-2005,830.9,813.8,821.3,802.25,805.0,810.85,810.93,645,"5,23,052.30",-,437,67.75
SUNDRMCLAY,EQ,17-10-2005,810.85,800.0,828.0,790.05,820.0,814.55,813.0,"1,378","11,20,310.90",-,613,44.48
SUNDRMCLAY,EQ,18-10-2005,814.55,805.9,805.9,768.1,775.0,781.8,796.7,"1,537","12,24,526.70",-,"1,365",88.81
SUNDRMCLAY,EQ,19-10-2005,781.8,766.0,808.8,766.0,777.05,785.25,780.51,567,"4,42,550.50",-,375,66.14
SUNDRMCLAY,EQ,20-10-2005,785.25,771.05,780.0,751.0,755.05,756.65,765.07,"1,039","7,94,903.15",-,736,70.84
SUNDRMCLAY,EQ,21-10-2005,756.65,759.9,769.5,744.05,769.5,759.9,753.43,480,"3,61,644.85",-,406,84.58
SUNDRMCLAY,EQ,24-10-2005,759.9,789.6,799.9,761.5,777.0,777.7,786.18,894,"7,02,841.85",-,402,44.97
SUNDRMCLAY,EQ,25-10-2005,777.7,780.05,784.95,751.4,784.95,779.1,778.63,596,"4,64,063.65",-,437,73.32
SUNDRMCLAY,EQ,26-10-2005,779.1,781.9,785.0,770.0,785.0,781.5,782.31,"1,541","12,05,539.00",-,"1,535",99.61
SUNDRMCLAY,EQ,27-10-2005,781.5,785.0,785.0,769.5,769.5,769.5,770.33,38,"29,272.50",-,38,100.0
SUNDRMCLAY,EQ,28-10-2005,769.5,756.7,779.0,755.1,764.0,761.05,759.65,910,"6,91,283.35",-,571,62.75
SUNDRMCLAY,EQ,31-10-2005,761.05,761.0,784.0,750.1,762.15,774.4,761.0,"1,306","9,93,862.15",-,927,70.98
SUNDRMCLAY,EQ,01-11-2005,774.4,789.9,789.9,770.0,770.0,771.15,774.98,46,"35,649.00",-,36,78.26
SUNDRMCLAY,EQ,02-11-2005,771.15,755.1,784.95,755.1,773.55,779.85,778.49,419,"3,26,187.60",-,418,99.76
SUNDRMCLAY,EQ,07-11-2005,779.85,780.0,785.0,762.0,780.0,771.1,772.97,"3,097","23,93,901.15",-,878,28.35
SUNDRMCLAY,EQ,08-11-2005,771.1,777.0,785.0,764.5,785.0,783.9,782.7,"1,067","8,35,137.75",-,"1,030",96.53
SUNDRMCLAY,EQ,09-11-2005,783.9,784.0,819.9,784.0,805.0,804.45,793.42,"2,531","20,08,149.55",-,"2,456",97.04
SUNDRMCLAY,EQ,10-11-2005,804.45,793.6,804.0,790.05,790.2,799.8,799.84,"2,741","21,92,367.35",-,"2,741",100.0
SUNDRMCLAY,EQ,11-11-2005,799.8,781.0,798.0,780.3,797.9,796.65,795.4,591,"4,70,084.00",-,552,93.4
SUNDRMCLAY,EQ,14-11-2005,796.65,763.0,858.0,763.0,795.05,808.45,791.0,"1,560","12,33,952.20",-,896,57.44
SUNDRMCLAY,EQ,16-11-2005,808.45,791.0,803.75,781.0,803.75,796.35,790.51,"2,999","23,70,737.50",-,943,31.44
SUNDRMCLAY,EQ,17-11-2005,796.35,786.5,803.4,786.5,799.85,797.25,795.17,466,"3,70,548.10",-,305,65.45
SUNDRMCLAY,EQ,18-11-2005,797.25,800.5,805.0,799.0,805.0,803.35,801.15,"1,092","8,74,858.95",-,"1,036",94.87
SUNDRMCLAY,EQ,21-11-2005,803.35,800.0,815.0,800.0,809.0,811.1,805.34,"3,672","29,57,219.15",-,"3,624",98.69
SUNDRMCLAY,EQ,22-11-2005,811.1,811.1,849.0,805.0,815.0,814.55,809.26,788,"6,37,700.25",-,694,88.07
SUNDRMCLAY,EQ,23-11-2005,814.55,815.0,824.85,800.5,815.0,819.25,811.49,"2,154","17,47,955.05",-,"2,090",97.03
SUNDRMCLAY,EQ,24-11-2005,819.25,798.3,824.0,798.3,824.0,816.5,810.03,"1,117","9,04,809.00",-,850,76.1
SUNDRMCLAY,EQ,25-11-2005,816.5,803.05,813.8,795.8,812.0,806.6,804.55,645,"5,18,931.65",-,455,70.54
SUNDRMCLAY,EQ,26-11-2005,806.6,810.0,814.0,795.55,814.0,806.4,805.36,361,"2,90,733.50",-,300,83.1
SUNDRMCLAY,EQ,28-11-2005,806.4,800.0,815.85,800.0,814.9,810.9,805.59,"2,075","16,71,602.60",-,"1,612",77.69
SUNDRMCLAY,EQ,29-11-2005,810.9,803.5,809.75,788.45,804.95,804.15,797.06,"1,082","8,62,416.95",-,645,59.61
SUNDRMCLAY,EQ,30-11-2005,804.15,765.05,815.0,763.65,810.0,810.1,806.27,"1,609","12,97,286.25",-,"1,374",85.39
SUNDRMCLAY,EQ,01-12-2005,810.1,812.5,815.0,803.15,810.05,810.4,809.25,599,"4,84,741.70",-,554,92.49
SUNDRMCLAY,EQ,02-12-2005,810.4,830.0,830.0,803.0,810.4,808.75,807.5,"1,057","8,53,526.05",-,604,57.14
SUNDRMCLAY,EQ,05-12-2005,808.75,819.8,819.8,795.0,796.35,800.4,803.26,"1,333","10,70,750.05",-,948,71.12
SUNDRMCLAY,EQ,06-12-2005,800.4,825.0,825.0,796.25,810.0,810.0,808.41,"1,263","10,21,020.40",-,"1,166",92.32
SUNDRMCLAY,EQ,07-12-2005,810.0,814.5,815.0,805.0,810.0,809.2,811.0,904,"7,33,148.30",-,798,88.27
SUNDRMCLAY,EQ,08-12-2005,809.2,812.5,822.0,808.0,822.0,820.25,816.74,"1,489","12,16,130.35",-,"1,430",96.04
SUNDRMCLAY,EQ,09-12-2005,820.25,820.0,835.0,818.0,822.0,821.6,827.49,"3,617","29,93,031.60",-,"3,335",92.2
SUNDRMCLAY,EQ,12-12-2005,821.6,822.0,840.0,822.0,840.0,839.75,835.2,"1,347","11,25,010.65",-,"1,307",97.03
SUNDRMCLAY,EQ,13-12-2005,839.75,842.0,852.0,835.0,840.0,839.55,847.87,"1,642","13,92,208.85",-,"1,553",94.58
SUNDRMCLAY,EQ,14-12-2005,839.55,846.0,846.0,830.1,846.0,837.4,836.52,965,"8,07,240.75",-,909,94.2
SUNDRMCLAY,EQ,15-12-2005,837.4,839.95,840.0,827.1,840.0,834.05,834.48,"5,921","49,40,964.90",-,711,12.01
SUNDRMCLAY,EQ,16-12-2005,834.05,848.0,848.0,825.2,835.0,830.75,832.83,"4,343","36,16,973.10",-,762,17.55
SUNDRMCLAY,EQ,19-12-2005,830.75,788.4,844.8,788.4,825.2,835.7,832.48,"1,727","14,37,688.85",-,"1,058",61.26
SUNDRMCLAY,EQ,20-12-2005,835.7,825.05,854.05,817.15,850.05,848.6,836.74,"4,841","40,50,663.75",-,"3,388",69.99
SUNDRMCLAY,EQ,21-12-2005,848.6,850.0,875.0,848.0,853.0,866.7,860.49,"2,538","21,83,935.95",-,"1,664",65.56
SUNDRMCLAY,EQ,22-12-2005,866.7,858.0,900.0,842.0,900.0,876.2,870.2,"1,661","14,45,400.50",-,"1,150",69.24
SUNDRMCLAY,EQ,23-12-2005,876.2,876.0,900.0,868.05,889.5,889.8,893.46,"5,156","46,06,699.85",-,"4,493",87.14
SUNDRMCLAY,EQ,26-12-2005,889.8,900.0,907.0,868.0,907.0,890.9,884.14,"1,874","16,56,882.40",-,"1,321",70.49
SUNDRMCLAY,EQ,27-12-2005,890.9,904.9,910.0,891.2,910.0,900.1,900.74,882,"7,94,456.05",-,740,83.9
SUNDRMCLAY,EQ,28-12-2005,900.1,909.0,920.0,900.0,920.0,917.4,914.57,"1,726","15,78,545.75",-,"1,492",86.44
SUNDRMCLAY,EQ,29-12-2005,917.4,919.0,928.0,909.9,928.0,920.7,915.94,"2,000","18,31,871.65",-,"1,749",87.45
SUNDRMCLAY,EQ,30-12-2005,920.7,929.0,970.0,895.0,970.0,943.05,937.91,"4,579","42,94,689.15",-,"4,226",92.29
SUNDRMCLAY,EQ,02-01-2006,943.05,969.00,990.00,962.00,990.00,989.80,982.97,"2,335","22,95,227.20",-,"2,190",93.79
SUNDRMCLAY,EQ,03-01-2006,989.80,998.90,"1,000.00",971.00,987.10,990.90,996.50,"2,187","21,79,338.50",-,"1,691",77.32
SUNDRMCLAY,EQ,04-01-2006,990.90,996.70,996.70,965.25,985.00,983.00,980.73,"2,215","21,72,313.45",-,"1,848",83.43
SUNDRMCLAY,EQ,05-01-2006,983.00,975.00,985.00,965.00,965.00,970.45,973.53,224,"2,18,071.80",-,135,60.27
SUNDRMCLAY,EQ,06-01-2006,970.45,963.05,969.00,952.25,960.00,961.55,960.67,230,"2,20,955.05",-,179,77.83
SUNDRMCLAY,EQ,09-01-2006,961.55,965.00,965.00,940.30,940.40,946.65,948.03,802,"7,60,317.70",-,726,90.52
SUNDRMCLAY,EQ,10-01-2006,946.65,935.00,966.00,910.00,923.35,921.10,927.02,"2,017","18,69,794.35",-,"1,749",86.71
SUNDRMCLAY,EQ,12-01-2006,921.10,920.00,920.00,883.20,895.00,895.00,897.80,"1,259","11,30,335.90",-,"1,102",87.53
SUNDRMCLAY,EQ,13-01-2006,895.00,868.45,900.00,868.45,876.30,883.15,886.82,"1,367","12,12,289.10",-,"1,303",95.32
SUNDRMCLAY,EQ,16-01-2006,883.15,880.05,880.05,841.00,869.95,852.90,850.82,"8,586","73,05,179.35",-,"8,058",93.85
SUNDRMCLAY,EQ,17-01-2006,852.90,882.00,884.00,845.00,849.95,848.80,862.42,"1,306","11,26,321.55",-,"1,130",86.52
SUNDRMCLAY,EQ,18-01-2006,848.80,869.00,869.00,840.00,850.00,849.60,849.43,780,"6,62,557.05",-,770,98.72
SUNDRMCLAY,EQ,19-01-2006,849.60,858.00,858.00,830.00,840.00,834.30,836.34,"8,205","68,62,206.45",-,"7,171",87.4
SUNDRMCLAY,EQ,20-01-2006,834.30,858.00,864.85,846.05,853.00,851.95,856.58,475,"4,06,875.45",-,318,66.95
SUNDRMCLAY,EQ,23-01-2006,851.95,850.00,884.95,845.10,879.95,878.40,864.97,575,"4,97,359.70",-,565,98.26
SUNDRMCLAY,EQ,24-01-2006,878.40,884.45,885.00,876.00,882.75,879.40,880.08,691,"6,08,135.00",-,681,98.55
SUNDRMCLAY,EQ,25-01-2006,879.40,879.00,889.65,873.50,880.00,876.85,878.57,"6,326","55,57,810.40",-,213,3.37
SUNDRMCLAY,EQ,27-01-2006,876.85,878.90,900.00,875.05,890.05,892.95,890.18,878,"7,81,577.05",-,651,74.15
SUNDRMCLAY,EQ,30-01-2006,892.95,895.00,919.95,875.00,900.00,900.00,900.67,"2,757","24,83,134.55",-,"2,511",91.08
SUNDRMCLAY,EQ,31-01-2006,900.00,907.50,907.50,890.15,900.00,900.00,900.07,"1,428","12,85,296.70",-,"1,349",94.47
SUNDRMCLAY,EQ,01-02-2006,900.00,885.45,907.80,831.60,831.60,868.90,879.21,462,"4,06,196.85",-,406,87.88
SUNDRMCLAY,EQ,02-02-2006,868.90,850.00,885.00,850.00,863.35,863.40,866.43,329,"2,85,055.10",-,240,72.95
SUNDRMCLAY,EQ,03-02-2006,863.40,876.75,892.50,870.05,880.00,874.75,880.57,989,"8,70,886.50",-,300,30.33
SUNDRMCLAY,EQ,06-02-2006,874.75,885.00,902.65,872.00,900.00,900.20,896.57,"1,136","10,18,503.15",-,"1,048",92.25
SUNDRMCLAY,EQ,07-02-2006,900.20,883.40,885.05,864.40,877.30,871.50,877.63,640,"5,61,684.05",-,530,82.81
SUNDRMCLAY,EQ,08-02-2006,871.50,890.00,890.00,857.85,877.00,868.85,868.78,724,"6,28,999.00",-,502,69.34
SUNDRMCLAY,EQ,10-02-2006,868.85,854.50,880.00,854.50,865.00,869.90,870.19,834,"7,25,739.00",-,789,94.6
SUNDRMCLAY,EQ,13-02-2006,869.90,878.75,899.95,870.00,880.00,881.00,881.41,"1,025","9,03,442.45",-,807,78.73
SUNDRMCLAY,EQ,14-02-2006,881.00,865.00,880.00,865.00,865.30,866.30,874.17,335,"2,92,847.45",-,260,77.61
SUNDRMCLAY,EQ,15-02-2006,866.30,861.10,884.65,861.10,872.00,872.00,872.43,"2,116","18,46,057.75",-,"2,001",94.57
SUNDRMCLAY,EQ,16-02-2006,872.00,870.00,880.00,865.10,879.95,871.80,875.96,637,"5,57,988.70",-,535,83.99
SUNDRMCLAY,EQ,17-02-2006,871.80,860.25,888.70,860.25,888.70,880.90,880.42,"1,624","14,29,807.80",-,"1,608",99.01
SUNDRMCLAY,EQ,20-02-2006,880.90,870.05,880.00,863.95,869.95,871.50,872.82,237,"2,06,858.60",-,170,71.73
SUNDRMCLAY,EQ,21-02-2006,871.50,869.95,880.00,866.70,877.65,875.60,873.37,794,"6,93,452.20",-,535,67.38
SUNDRMCLAY,EQ,22-02-2006,875.60,869.25,890.00,868.50,882.05,881.30,878.26,"1,314","11,54,034.55",-,"1,073",81.66
SUNDRMCLAY,EQ,23-02-2006,881.30,881.30,890.00,869.25,878.70,888.15,885.53,"1,259","11,14,877.90",-,"1,074",85.31
SUNDRMCLAY,EQ,24-02-2006,888.15,880.00,880.00,870.00,870.00,870.05,872.14,354,"3,08,737.35",-,298,84.18
SUNDRMCLAY,EQ,27-02-2006,870.05,876.25,894.00,876.25,890.00,889.05,889.68,"17,947","1,59,67,059.60",-,"17,624",98.2
SUNDRMCLAY,EQ,28-02-2006,889.05,885.00,903.00,885.00,900.00,897.85,897.81,"1,726","15,49,616.65",-,"1,664",96.41
SUNDRMCLAY,EQ,01-03-2006,897.85,870.10,925.00,870.10,910.00,910.15,910.11,"10,620","96,65,318.50",-,"10,331",97.28
SUNDRMCLAY,EQ,02-03-2006,910.15,931.00,935.00,915.05,924.85,924.55,928.93,"2,262","21,01,245.40",-,"1,784",78.87
SUNDRMCLAY,EQ,03-03-2006,924.55,917.15,937.00,906.10,915.00,913.00,925.83,485,"4,49,028.45",-,292,60.21
SUNDRMCLAY,EQ,06-03-2006,913.00,915.00,949.00,915.00,938.80,930.00,937.72,"1,509","14,15,024.90",-,"1,177",78.0
SUNDRMCLAY,EQ,07-03-2006,930.00,980.00,980.00,863.25,943.00,943.00,967.76,"7,157","69,26,282.25",-,"6,704",93.67
SUNDRMCLAY,EQ,08-03-2006,943.00,901.20,950.00,901.10,925.00,928.05,927.46,"2,186","20,27,425.35",-,"1,459",66.74
SUNDRMCLAY,EQ,09-03-2006,928.05,906.00,935.00,902.70,930.05,929.25,930.04,"6,746","62,74,064.35",-,"6,505",96.43
SUNDRMCLAY,EQ,10-03-2006,929.25,912.40,946.50,912.30,932.00,931.90,930.54,"4,893","45,53,154.95",-,"4,588",93.77
SUNDRMCLAY,EQ,13-03-2006,931.90,978.00,978.00,874.30,911.50,912.90,930.33,"7,402","68,86,285.50",-,"2,613",35.3
SUNDRMCLAY,EQ,14-03-2006,912.90,881.00,960.00,881.00,931.00,931.00,923.43,"21,595","1,99,41,390.00",-,"21,498",99.55
SUNDRMCLAY,EQ,16-03-2006,931.00,903.00,933.95,900.00,900.00,913.55,920.00,"10,545","97,01,417.55",-,"10,241",97.12
SUNDRMCLAY,EQ,17-03-2006,913.55,924.95,930.00,892.00,924.00,904.95,916.33,"22,878","2,09,63,707.10",-,"22,362",97.74
SUNDRMCLAY,EQ,20-03-2006,904.95,915.00,928.85,893.50,920.00,915.10,911.08,251,"2,28,682.05",-,159,63.35
SUNDRMCLAY,EQ,21-03-2006,915.10,905.10,909.35,895.50,900.00,903.10,902.05,"8,131","73,34,573.10",-,"7,412",91.16
SUNDRMCLAY,EQ,22-03-2006,903.10,902.00,925.00,902.00,910.00,911.05,912.32,"2,228","20,32,639.00",-,"2,019",90.62
SUNDRMCLAY,EQ,23-03-2006,911.05,915.00,935.50,915.00,930.00,930.25,927.55,"1,429","13,25,464.00",-,"1,338",93.63
SUNDRMCLAY,EQ,24-03-2006,930.25,880.00,950.00,880.00,944.50,945.00,936.90,"10,804","1,01,22,272.95",-,"7,670",70.99
SUNDRMCLAY,EQ,27-03-2006,945.00,892.00,979.00,892.00,950.00,968.65,949.80,"8,671","82,35,672.75",-,"3,452",39.81
SUNDRMCLAY,EQ,28-03-2006,968.65,912.00,958.00,911.00,941.00,939.70,931.12,"5,739","53,43,722.55",-,610,10.63
SUNDRMCLAY,EQ,29-03-2006,939.70,950.10,965.95,942.25,942.25,944.65,954.18,922,"8,79,758.50",-,748,81.13
SUNDRMCLAY,EQ,30-03-2006,944.65,975.00,990.00,911.00,960.00,960.00,962.86,684,"6,58,596.75",-,529,77.34
SUNDRMCLAY,EQ,31-03-2006,960.00,943.00,974.00,943.00,974.00,967.95,960.13,597,"5,73,200.45",-,536,89.78
SUNDRMCLAY,EQ,03-04-2006,967.95,997.00,"1,021.00",970.00,"1,009.00","1,005.60","1,005.29","5,282","53,09,926.15",-,"4,878",92.35
SUNDRMCLAY,EQ,04-04-2006,"1,005.60","1,000.00","1,032.00","1,000.00","1,032.00","1,030.00","1,023.03","3,857","39,45,843.20",-,"3,747",97.15
SUNDRMCLAY,EQ,05-04-2006,"1,030.00","1,025.00","1,094.40","1,025.00","1,085.00","1,089.05","1,067.28","3,923","41,86,940.35",-,"3,785",96.48
SUNDRMCLAY,EQ,07-04-2006,"1,089.05","1,129.00","1,130.00","1,068.00","1,085.00","1,081.85","1,096.97","1,182","12,96,623.00",-,906,76.65
SUNDRMCLAY,EQ,10-04-2006,"1,081.85","1,040.50","1,100.00","1,040.50","1,055.00","1,055.25","1,061.29",603,"6,39,959.05",-,495,82.09
SUNDRMCLAY,EQ,12-04-2006,"1,055.25","1,100.00","1,119.00","1,060.00","1,062.00","1,070.55","1,087.56","1,737","18,89,088.75",-,"1,665",95.85
SUNDRMCLAY,EQ,13-04-2006,"1,070.55","1,072.00","1,072.00","1,030.00","1,051.00","1,051.00","1,055.14","1,266","13,35,804.45",-,"1,207",95.34
SUNDRMCLAY,EQ,17-04-2006,"1,051.00","1,060.00","1,105.00","1,025.00","1,025.00","1,027.45","1,062.96","1,668","17,73,017.00",-,"1,545",92.63
SUNDRMCLAY,EQ,18-04-2006,"1,027.45","1,041.00","1,066.00","1,040.00","1,066.00","1,064.95","1,050.44",417,"4,38,034.70",-,359,86.09
SUNDRMCLAY,EQ,19-04-2006,"1,064.95","1,079.95","1,105.00","1,055.00","1,075.00","1,074.30","1,088.82","11,770","1,28,15,391.45",-,"11,555",98.17
SUNDRMCLAY,EQ,20-04-2006,"1,074.30","1,070.00","1,095.00","1,049.90","1,049.95","1,051.25","1,076.43","2,113","22,74,493.45",-,"2,056",97.3
SUNDRMCLAY,EQ,21-04-2006,"1,051.25","1,055.00","1,170.00","1,050.00","1,125.25","1,148.95","1,127.48","9,304","1,04,90,116.15",-,"6,790",72.98
SUNDRMCLAY,EQ,24-04-2006,"1,148.95","1,160.00","1,160.00","1,080.00","1,150.00","1,148.40","1,132.67","3,606","40,84,400.80",-,"3,333",92.43
SUNDRMCLAY,EQ,25-04-2006,"1,148.40","1,106.80","1,159.95","1,106.80","1,125.00","1,125.80","1,127.35",771,"8,69,185.30",-,741,96.11
SUNDRMCLAY,EQ,26-04-2006,"1,125.80","1,125.00","1,125.00","1,092.00","1,120.00","1,120.10","1,107.48","1,237","13,69,957.90",-,"1,112",89.89
SUNDRMCLAY,EQ,27-04-2006,"1,120.10","1,149.00","1,149.00","1,096.00","1,120.00","1,113.25","1,109.73",484,"5,37,111.50",-,366,75.62
SUNDRMCLAY,EQ,28-04-2006,"1,113.25","1,195.00","1,195.00","1,077.50","1,100.00","1,099.70","1,097.55",816,"8,95,597.60",-,534,65.44
SUNDRMCLAY,EQ,29-04-2006,"1,099.70","1,177.00","1,177.00","1,082.00","1,091.05","1,098.45","1,112.63",519,"5,77,455.75",-,370,71.29
SUNDRMCLAY,EQ,02-05-2006,"1,098.45","1,098.00","1,150.00","1,071.00","1,092.15","1,077.20","1,088.61","2,824","30,74,232.90",-,"2,579",91.32
SUNDRMCLAY,EQ,03-05-2006,"1,077.20","1,052.00","1,100.95","1,052.00","1,080.00","1,080.00","1,077.75","3,019","32,53,735.95",-,"2,891",95.76
SUNDRMCLAY,EQ,04-05-2006,"1,080.00","1,071.00","1,110.85","1,070.00","1,100.00","1,099.85","1,095.68",665,"7,28,624.45",-,609,91.58
SUNDRMCLAY,EQ,05-05-2006,"1,099.85","1,066.00","1,125.00","1,066.00","1,120.00","1,119.45","1,105.61",680,"7,51,813.95",-,636,93.53
SUNDRMCLAY,EQ,08-05-2006,"1,119.45","1,079.00","1,126.00","1,079.00","1,125.00","1,119.05","1,111.54",648,"7,20,275.75",-,551,85.03
SUNDRMCLAY,EQ,09-05-2006,"1,119.05","1,125.00","1,160.00","1,121.00","1,160.00","1,150.70","1,145.62","1,634","18,71,942.70",-,"1,523",93.21
SUNDRMCLAY,EQ,10-05-2006,"1,150.70","1,150.00","1,180.00","1,150.00","1,170.05","1,170.05","1,169.46","1,222","14,29,082.30",-,"1,020",83.47
SUNDRMCLAY,EQ,11-05-2006,"1,170.05","1,150.00","1,172.00","1,141.00","1,172.00","1,172.00","1,155.63",706,"8,15,877.95",-,496,70.25
SUNDRMCLAY,EQ,12-05-2006,"1,172.00","1,141.05","1,174.95","1,141.05","1,174.95","1,170.50","1,160.60",334,"3,87,640.10",-,169,50.6
SUNDRMCLAY,EQ,15-05-2006,"1,170.50","1,179.95","1,398.40","1,179.95","1,264.05","1,280.80","1,279.92","12,149","1,55,49,778.60",-,"8,133",66.94
SUNDRMCLAY,EQ,16-05-2006,"1,280.80","1,440.00","1,440.00","1,206.00","1,300.00","1,284.20","1,292.53","4,417","57,09,097.00",-,"3,033",68.67
SUNDRMCLAY,EQ,17-05-2006,"1,284.20","1,300.00","1,369.00","1,276.05","1,294.00","1,296.50","1,307.85","2,544","33,27,164.75",-,"2,224",87.42
SUNDRMCLAY,EQ,18-05-2006,"1,296.50","1,280.00","1,287.00","1,230.00","1,238.00","1,248.35","1,256.55","1,397","17,55,405.55",-,"1,200",85.9
SUNDRMCLAY,EQ,19-05-2006,"1,248.35","1,299.00","1,370.00","1,127.00","1,370.00","1,295.70","1,252.79","3,741","46,86,694.25",-,"2,647",70.76
SUNDRMCLAY,EQ,22-05-2006,"1,295.70","1,194.40","1,298.00","1,050.00","1,111.85","1,118.50","1,116.25","2,468","27,54,901.50",-,"1,753",71.03
SUNDRMCLAY,EQ,23-05-2006,"1,118.50","1,118.00","1,179.00","1,061.10","1,121.50","1,150.10","1,101.77","1,190","13,11,106.95",-,"1,058",88.91
SUNDRMCLAY,EQ,24-05-2006,"1,150.10","1,147.90","1,148.50","1,101.00","1,110.00","1,126.90","1,120.27",713,"7,98,756.00",-,573,80.36
SUNDRMCLAY,EQ,25-05-2006,"1,126.90","1,110.00","1,110.00","1,050.00","1,100.00","1,095.65","1,091.98","2,040","22,27,645.10",-,"1,771",86.81
SUNDRMCLAY,EQ,26-05-2006,"1,095.65","1,124.00","1,189.00","1,070.00","1,080.00","1,081.45","1,122.81",600,"6,73,686.60",-,209,34.83
SUNDRMCLAY,EQ,29-05-2006,"1,081.45","1,135.00","1,155.00","1,110.00","1,155.00","1,138.60","1,131.21",307,"3,47,282.75",-,258,84.04
SUNDRMCLAY,EQ,30-05-2006,"1,138.60","1,190.00","1,190.00","1,119.95","1,144.00","1,139.15","1,137.99",934,"10,62,884.20",-,812,86.94
SUNDRMCLAY,EQ,31-05-2006,"1,139.15","1,144.00","1,248.00","1,055.00","1,248.00","1,220.15","1,173.82","3,589","42,12,844.45",-,"3,100",86.38
SUNDRMCLAY,EQ,01-06-2006,"1,220.15","1,128.65","1,209.00","1,111.25","1,194.00","1,171.15","1,166.85","1,596","18,62,297.35",-,966,60.53
SUNDRMCLAY,EQ,02-06-2006,"1,171.15","1,120.15","1,200.00","1,061.55","1,200.00","1,176.50","1,134.72","2,755","31,26,150.50",-,"1,981",71.91
SUNDRMCLAY,EQ,05-06-2006,"1,176.50","1,114.40","1,149.00","1,098.00","1,098.00","1,103.25","1,116.52",819,"9,14,430.80",-,621,75.82
SUNDRMCLAY,EQ,06-06-2006,"1,103.25","1,090.00","1,150.00","1,025.00","1,083.00","1,116.15","1,089.73","2,328","25,36,892.60",-,"1,922",82.56
SUNDRMCLAY,EQ,07-06-2006,"1,116.15","1,033.15","1,100.00",950.00,950.00,983.95,"1,006.71","2,711","27,29,192.85",-,"2,308",85.13
SUNDRMCLAY,EQ,08-06-2006,983.95,990.00,990.00,790.00,865.00,885.05,842.29,"2,695","22,69,977.85",-,"1,754",65.08
SUNDRMCLAY,EQ,09-06-2006,885.05,805.55,"1,024.00",805.55,"1,024.00",988.00,950.16,"1,544","14,67,051.40",-,"1,247",80.76
SUNDRMCLAY,EQ,12-06-2006,988.00,960.00,998.80,901.00,960.00,960.00,970.95,303,"2,94,197.65",-,260,85.81
SUNDRMCLAY,EQ,13-06-2006,960.00,905.00,950.00,865.00,950.00,912.70,892.41,"1,975","17,62,519.15",-,"1,568",79.39
SUNDRMCLAY,EQ,14-06-2006,912.70,945.00,945.00,840.00,879.45,846.60,878.28,"1,026","9,01,115.30",-,979,95.42
SUNDRMCLAY,EQ,15-06-2006,846.60,893.00,910.00,846.00,880.00,862.60,875.15,"1,713","14,99,137.75",-,"1,405",82.02
SUNDRMCLAY,EQ,16-06-2006,862.60,899.75,929.95,893.60,909.00,906.05,907.50,"2,953","26,79,838.00",-,"2,856",96.72
SUNDRMCLAY,EQ,19-06-2006,906.05,898.00,928.50,895.00,928.00,928.00,910.51,955,"8,69,541.45",-,681,71.31
SUNDRMCLAY,EQ,20-06-2006,928.00,919.00,920.00,880.00,898.50,888.30,897.16,386,"3,46,303.60",-,320,82.9
SUNDRMCLAY,EQ,21-06-2006,888.30,870.25,949.85,870.25,920.00,918.00,917.64,"1,821","16,71,019.65",-,"1,681",92.31
SUNDRMCLAY,EQ,22-06-2006,918.00,947.95,947.95,925.15,927.00,927.00,929.70,306,"2,84,487.20",-,300,98.04
SUNDRMCLAY,EQ,23-06-2006,927.00,857.55,926.95,857.55,920.00,915.05,917.03,428,"3,92,488.70",-,303,70.79
SUNDRMCLAY,EQ,25-06-2006,915.05,900.00,955.00,900.00,938.00,938.00,902.06,211,"1,90,335.00",-,210,99.53
SUNDRMCLAY,EQ,26-06-2006,938.00,913.00,924.75,906.00,924.75,915.80,913.55,87,"79,479.25",-,57,65.52
SUNDRMCLAY,EQ,27-06-2006,915.80,998.00,998.00,902.00,902.00,903.25,910.01,195,"1,77,451.85",-,160,82.05
SUNDRMCLAY,EQ,28-06-2006,903.25,885.00,914.95,860.60,865.05,864.10,881.47,991,"8,73,534.50",-,661,66.7
SUNDRMCLAY,EQ,29-06-2006,864.10,949.00,949.00,871.55,875.00,880.35,890.64,527,"4,69,364.70",-,363,68.88
SUNDRMCLAY,EQ,30-06-2006,880.35,901.00,915.00,880.00,909.85,904.10,900.94,"1,270","11,44,198.80",-,"1,162",91.5
SUNDRMCLAY,EQ,03-07-2006,904.10,901.00,924.95,890.00,898.85,893.15,900.26,547,"4,92,440.40",-,426,77.88
SUNDRMCLAY,EQ,04-07-2006,893.15,955.00,955.00,886.10,906.85,897.85,906.54,105,"95,186.85",-,68,64.76
SUNDRMCLAY,EQ,05-07-2006,897.85,900.00,910.00,875.10,889.00,885.65,900.25,"2,364","21,28,180.90",-,"2,292",96.95
SUNDRMCLAY,EQ,06-07-2006,885.65,889.00,891.00,870.00,880.00,871.95,880.48,441,"3,88,292.50",-,388,87.98
SUNDRMCLAY,EQ,07-07-2006,871.95,898.00,900.00,860.00,875.00,869.35,882.52,"2,213","19,53,020.85",-,"1,729",78.13
SUNDRMCLAY,EQ,10-07-2006,869.35,869.00,889.75,860.00,862.20,863.85,867.39,736,"6,38,400.10",-,473,64.27
SUNDRMCLAY,EQ,11-07-2006,863.85,870.00,899.00,855.10,857.00,857.50,873.47,310,"2,70,775.90",-,227,73.23
SUNDRMCLAY,EQ,12-07-2006,857.50,889.00,895.00,821.50,867.75,853.80,866.69,"1,078","9,34,295.15",-,722,66.98
SUNDRMCLAY,EQ,13-07-2006,853.80,867.75,869.05,850.00,850.00,857.65,858.96,367,"3,15,237.15",-,276,75.2
SUNDRMCLAY,EQ,14-07-2006,857.65,864.90,865.00,851.10,864.95,859.15,859.09,565,"4,85,383.35",-,145,25.66
SUNDRMCLAY,EQ,17-07-2006,859.15,860.00,860.00,843.80,855.00,850.00,849.86,"1,773","15,06,796.80",-,"1,310",73.89
SUNDRMCLAY,EQ,18-07-2006,850.00,845.00,860.00,833.55,850.00,850.05,847.60,606,"5,13,646.15",-,429,70.79
SUNDRMCLAY,EQ,19-07-2006,850.05,849.00,859.90,804.65,855.90,848.95,844.16,"3,093","26,10,985.35",-,"2,078",67.18
SUNDRMCLAY,EQ,20-07-2006,848.95,840.00,875.00,840.00,850.00,850.00,850.53,"1,699","14,45,043.30",-,"1,499",88.23
SUNDRMCLAY,EQ,21-07-2006,850.00,845.05,860.00,845.05,860.00,857.80,851.46,887,"7,55,248.20",-,866,97.63
SUNDRMCLAY,EQ,24-07-2006,857.80,851.00,865.50,850.00,850.55,855.75,853.28,622,"5,30,742.75",-,276,44.37
SUNDRMCLAY,EQ,25-07-2006,855.75,860.00,864.95,852.05,852.05,857.15,860.13,51,"43,866.40",-,22,43.14
SUNDRMCLAY,EQ,26-07-2006,857.15,847.50,873.80,847.50,858.55,859.70,858.37,"1,007","8,64,383.40",-,526,52.23
SUNDRMCLAY,EQ,27-07-2006,859.70,860.00,899.25,854.05,879.50,879.50,880.13,998,"8,78,368.15",-,770,77.15
SUNDRMCLAY,EQ,28-07-2006,879.50,884.95,920.00,881.00,920.00,911.05,899.80,"1,072","9,64,584.85",-,951,88.71
SUNDRMCLAY,EQ,31-07-2006,911.05,903.80,933.00,898.00,933.00,925.70,911.17,986,"8,98,418.00",-,659,66.84
SUNDRMCLAY,EQ,01-08-2006,925.70,906.00,947.00,905.55,920.80,922.40,928.37,"5,038","46,77,144.40",-,"4,520",89.72
SUNDRMCLAY,EQ,02-08-2006,922.40,925.00,926.60,903.30,912.10,918.65,917.80,166,"1,52,354.85",-,100,60.24
SUNDRMCLAY,EQ,03-08-2006,918.65,905.60,924.80,890.00,910.00,895.80,900.15,854,"7,68,727.50",-,633,74.12
SUNDRMCLAY,EQ,04-08-2006,895.80,905.05,913.75,900.00,900.00,901.15,902.50,204,"1,84,109.30",-,169,82.84
SUNDRMCLAY,EQ,07-08-2006,901.15,929.95,929.95,901.00,924.00,920.85,917.53,870,"7,98,248.05",-,761,87.47
SUNDRMCLAY,EQ,08-08-2006,920.85,914.95,941.80,911.05,935.50,939.30,926.79,"1,488","13,79,056.95",-,"1,439",96.71
SUNDRMCLAY,EQ,09-08-2006,939.30,925.00,929.50,925.00,927.00,927.00,927.39,130,"1,20,560.50",-,105,80.77
SUNDRMCLAY,EQ,10-08-2006,927.00,927.30,935.00,905.00,920.00,924.30,919.50,"1,807","16,61,531.95",-,"1,611",89.15
SUNDRMCLAY,EQ,11-08-2006,924.30,930.00,948.75,916.40,945.00,945.05,934.07,852,"7,95,830.90",-,537,63.03
SUNDRMCLAY,EQ,14-08-2006,945.05,988.00,"1,039.00",971.00,"1,037.70","1,034.60","1,027.49","2,784","28,60,544.15",-,"1,978",71.05
SUNDRMCLAY,EQ,16-08-2006,"1,034.60","1,037.90","1,049.90","1,020.00","1,020.00","1,030.05","1,036.33","2,103","21,79,398.35",-,"1,443",68.62
SUNDRMCLAY,EQ,17-08-2006,"1,030.05","1,030.00","1,050.00","1,027.00","1,035.00","1,037.85","1,041.55",646,"6,72,840.40",-,512,79.26
SUNDRMCLAY,EQ,18-08-2006,"1,037.85","1,050.00","1,055.00","1,025.00","1,025.00","1,025.00","1,040.04",676,"7,03,070.20",-,615,90.98
SUNDRMCLAY,EQ,21-08-2006,"1,025.00","1,050.00","1,050.00","1,000.00","1,014.00","1,006.80","1,016.23","1,143","11,61,549.25",-,"1,023",89.5
SUNDRMCLAY,EQ,22-08-2006,"1,006.80","1,028.95","1,028.95","1,011.05","1,014.00","1,014.00","1,018.59",616,"6,27,449.85",-,554,89.94
SUNDRMCLAY,EQ,23-08-2006,"1,014.00","1,045.00","1,050.00",999.90,"1,001.00","1,001.40","1,011.45","1,912","19,33,887.45",-,"1,392",72.8
SUNDRMCLAY,EQ,24-08-2006,"1,001.40","1,023.95","1,023.95","1,000.00","1,020.00","1,018.85","1,006.92",929,"9,35,425.25",-,844,90.85
SUNDRMCLAY,EQ,25-08-2006,"1,018.85","1,029.90","1,035.00","1,021.00","1,023.10","1,023.25","1,026.09","1,148","11,77,955.60",-,755,65.77
SUNDRMCLAY,EQ,28-08-2006,"1,023.25","1,022.00","1,036.90","1,012.25","1,034.00","1,032.35","1,025.08","1,223","12,53,670.55",-,"1,188",97.14
SUNDRMCLAY,EQ,29-08-2006,"1,032.35","1,045.00","1,055.00","1,025.00","1,026.00","1,026.05","1,027.89","3,073","31,58,699.70",-,"2,917",94.92
SUNDRMCLAY,EQ,30-08-2006,"1,026.05","1,025.00","1,050.00","1,025.00","1,045.00","1,045.90","1,036.78",682,"7,07,081.40",-,634,92.96
SUNDRMCLAY,EQ,31-08-2006,"1,045.90","1,045.90","1,045.90","1,021.20","1,035.00","1,029.30","1,028.92",208,"2,14,014.80",-,167,80.29
SUNDRMCLAY,EQ,01-09-2006,"1,029.30","1,000.30","1,048.95","1,000.00","1,031.00","1,030.30","1,010.72","1,602","16,19,181.30",-,956,59.68
SUNDRMCLAY,EQ,04-09-2006,"1,030.30","1,020.00","1,030.00","1,015.05","1,026.00","1,022.10","1,021.76",234,"2,39,091.20",-,121,51.71
SUNDRMCLAY,EQ,05-09-2006,"1,022.10","1,011.00","1,020.00","1,000.00","1,000.00","1,006.05","1,011.15",667,"6,74,439.20",-,556,83.36
SUNDRMCLAY,EQ,06-09-2006,"1,006.05","1,005.00","1,039.00","1,005.00","1,030.45","1,030.05","1,025.40","2,148","22,02,565.00",-,"1,989",92.6
SUNDRMCLAY,EQ,07-09-2006,"1,030.05","1,046.70","1,065.00","1,033.05","1,059.00","1,061.60","1,056.12","1,325","13,99,359.25",-,"1,253",94.57
SUNDRMCLAY,EQ,08-09-2006,"1,061.60","1,063.00","1,063.00","1,041.00","1,042.05","1,041.30","1,049.39",416,"4,36,545.90",-,385,92.55
SUNDRMCLAY,EQ,11-09-2006,"1,041.30","1,065.00","1,075.00","1,040.00","1,040.00","1,040.00","1,042.74",826,"8,61,307.00",-,787,95.28
SUNDRMCLAY,EQ,12-09-2006,"1,040.00","1,045.00","1,045.20","1,031.20","1,039.00","1,039.65","1,039.75","3,325","34,57,172.80",-,"3,087",92.84
SUNDRMCLAY,EQ,13-09-2006,"1,039.65","1,055.00","1,055.00","1,035.00","1,045.00","1,038.05","1,039.54",912,"9,48,057.30",-,902,98.9
SUNDRMCLAY,EQ,14-09-2006,"1,038.05","1,032.00","1,050.00","1,032.00","1,049.00","1,043.75","1,037.04","40,310","4,18,03,118.65",-,"40,259",99.87
SUNDRMCLAY,EQ,15-09-2006,"1,043.75","1,055.10","1,100.00","1,030.00","1,033.00","1,062.75","1,057.10","1,653","17,47,394.20",-,"1,443",87.3
SUNDRMCLAY,EQ,18-09-2006,"1,062.75","1,040.00","1,095.00","1,029.10","1,095.00","1,067.10","1,041.04","6,429","66,92,859.95",-,"6,193",96.33
SUNDRMCLAY,EQ,19-09-2006,"1,067.10","1,095.00","1,169.45","1,070.00","1,094.50","1,092.05","1,094.23","1,333","14,58,614.80",-,"1,184",88.82
SUNDRMCLAY,EQ,20-09-2006,"1,092.05","1,153.00","1,153.00","1,056.60","1,080.05","1,082.30","1,086.05",626,"6,79,865.60",-,497,79.39
SUNDRMCLAY,EQ,21-09-2006,"1,082.30","1,080.00","1,140.00","1,080.00","1,105.00","1,112.85","1,130.47","28,462","3,21,75,311.55",-,"28,105",98.75
SUNDRMCLAY,EQ,22-09-2006,"1,112.85","1,090.00","1,119.00","1,080.05","1,086.00","1,091.80","1,100.74",662,"7,28,692.65",-,486,73.41
SUNDRMCLAY,EQ,25-09-2006,"1,091.80","1,075.00","1,135.00","1,075.00","1,121.50","1,125.05","1,129.35","26,061","2,94,31,964.15",-,"25,755",98.83
SUNDRMCLAY,EQ,26-09-2006,"1,125.05","1,113.65","1,140.00","1,113.65","1,140.00","1,131.55","1,128.84",633,"7,14,553.40",-,555,87.68
SUNDRMCLAY,EQ,27-09-2006,"1,131.55","1,116.60","1,145.00","1,116.60","1,140.00","1,139.95","1,140.59","8,061","91,94,321.90",-,"7,992",99.14
SUNDRMCLAY,EQ,28-09-2006,"1,139.95","1,124.10","1,158.00","1,124.10","1,158.00","1,143.90","1,139.92",622,"7,09,032.70",-,431,69.29
SUNDRMCLAY,EQ,29-09-2006,"1,143.90","1,170.00","1,230.00","1,138.55","1,210.00","1,203.15","1,176.10","6,459","75,96,444.70",-,"5,730",88.71
SUNDRMCLAY,EQ,03-10-2006,"1,203.15","1,209.00","1,210.00","1,185.10","1,190.00","1,186.00","1,192.84",433,"5,16,498.05",-,370,85.45
SUNDRMCLAY,EQ,04-10-2006,"1,186.00","1,190.00","1,204.00","1,168.00","1,185.00","1,178.00","1,173.67",880,"10,32,827.25",-,671,76.25
SUNDRMCLAY,EQ,05-10-2006,"1,178.00","1,181.80","1,244.90","1,178.00","1,200.00","1,208.40","1,213.29","5,621","68,19,899.45",-,"2,935",52.21
SUNDRMCLAY,EQ,06-10-2006,"1,208.40","1,225.00","1,240.00","1,225.00","1,234.50","1,237.80","1,229.23","1,176","14,45,571.80",-,"1,043",88.69
SUNDRMCLAY,EQ,09-10-2006,"1,237.80","1,248.00","1,249.00","1,230.00","1,240.00","1,240.00","1,240.31",457,"5,66,821.30",-,353,77.24
SUNDRMCLAY,EQ,10-10-2006,"1,240.00","1,253.00","1,260.00","1,230.00","1,250.00","1,250.00","1,242.62","1,252","15,55,756.85",-,"1,149",91.77
SUNDRMCLAY,EQ,11-10-2006,"1,250.00","1,270.00","1,270.00","1,230.00","1,230.00","1,236.30","1,240.49","1,474","18,28,481.00",-,"1,195",81.07
SUNDRMCLAY,EQ,12-10-2006,"1,236.30","1,225.00","1,250.00","1,225.00","1,250.00","1,250.00","1,245.20","1,080","13,44,817.60",-,"1,049",97.13
SUNDRMCLAY,EQ,13-10-2006,"1,250.00","1,260.00","1,294.00","1,236.00","1,270.00","1,258.95","1,253.74","1,497","18,76,846.00",-,"1,326",88.58
SUNDRMCLAY,EQ,16-10-2006,"1,258.95","1,248.00","1,259.90","1,225.00","1,254.90","1,242.25","1,241.17","2,719","33,74,736.20",-,"2,134",78.48
SUNDRMCLAY,EQ,17-10-2006,"1,242.25","1,230.50","1,243.00","1,225.00","1,225.00","1,225.15","1,229.92","25,540","3,14,12,185.25",-,"25,404",99.47
SUNDRMCLAY,EQ,18-10-2006,"1,225.15","1,250.00","1,252.00","1,225.00","1,250.00","1,246.55","1,235.01",953,"11,76,960.10",-,797,83.63
SUNDRMCLAY,EQ,19-10-2006,"1,246.55","1,245.00","1,245.00","1,185.05","1,200.00","1,200.90","1,218.49",449,"5,47,102.25",-,379,84.41
SUNDRMCLAY,EQ,20-10-2006,"1,200.90","1,200.00","1,235.00","1,200.00","1,205.00","1,205.85","1,218.56",361,"4,39,899.95",-,289,80.06
SUNDRMCLAY,EQ,21-10-2006,"1,205.85","1,205.00","1,220.00","1,191.00","1,218.75","1,215.35","1,208.57",155,"1,87,329.10",-,96,61.94
SUNDRMCLAY,EQ,23-10-2006,"1,215.35","1,218.00","1,275.00","1,200.00","1,275.00","1,241.00","1,228.21",774,"9,50,634.85",-,678,87.6
SUNDRMCLAY,EQ,26-10-2006,"1,241.00","1,242.05","1,242.05","1,215.00","1,215.00","1,222.95","1,223.08",740,"9,05,078.65",-,625,84.46
SUNDRMCLAY,EQ,27-10-2006,"1,222.95","1,230.00","1,230.00","1,199.00","1,205.00","1,207.45","1,213.82","1,276","15,48,833.60",-,"1,110",86.99
SUNDRMCLAY,EQ,30-10-2006,"1,207.45","1,220.00","1,250.00","1,220.00","1,235.00","1,238.50","1,240.96","1,695","21,03,427.80",-,"1,390",82.01
SUNDRMCLAY,EQ,31-10-2006,"1,238.50","1,239.95","1,239.95","1,200.00","1,227.00","1,214.30","1,212.81","1,740","21,10,293.20",-,"1,051",60.4
SUNDRMCLAY,EQ,01-11-2006,"1,214.30","1,224.50","1,239.90","1,220.00","1,222.00","1,224.15","1,229.97",808,"9,93,816.60",-,590,73.02
SUNDRMCLAY,EQ,02-11-2006,"1,224.15","1,165.55","1,238.00","1,165.55","1,211.00","1,216.30","1,219.38",899,"10,96,226.25",-,680,75.64
SUNDRMCLAY,EQ,03-11-2006,"1,216.30","1,230.00","1,230.00","1,210.10","1,210.10","1,211.40","1,219.28",405,"4,93,808.20",-,323,79.75
SUNDRMCLAY,EQ,06-11-2006,"1,211.40","1,220.00","1,259.00","1,210.00","1,243.00","1,251.45","1,232.10","2,786","34,32,643.85",-,"2,674",95.98
SUNDRMCLAY,EQ,07-11-2006,"1,251.45","1,230.00","1,259.00","1,230.00","1,259.00","1,250.10","1,249.94","43,585","5,44,78,660.45",-,"43,407",99.59
SUNDRMCLAY,EQ,08-11-2006,"1,250.10","1,255.00","1,267.00","1,230.00","1,254.50","1,254.00","1,248.07","1,432","17,87,238.90",-,"1,244",86.87
SUNDRMCLAY,EQ,09-11-2006,"1,254.00","1,233.00","1,254.90","1,206.60","1,254.90","1,250.05","1,247.32",833,"10,39,014.40",-,769,92.32
SUNDRMCLAY,EQ,10-11-2006,"1,250.05","1,206.10","1,261.00","1,206.10","1,236.00","1,250.70","1,245.99","1,082","13,48,156.00",-,787,72.74
SUNDRMCLAY,EQ,13-11-2006,"1,250.70","1,254.90","1,254.90","1,226.00","1,242.00","1,243.90","1,242.13",704,"8,74,456.15",-,542,76.99
SUNDRMCLAY,EQ,14-11-2006,"1,243.90","1,228.00","1,250.00","1,225.60","1,226.55","1,240.95","1,236.36",983,"12,15,341.85",-,558,56.77
SUNDRMCLAY,EQ,15-11-2006,"1,240.95","1,231.00","1,250.00","1,223.15","1,250.00","1,239.00","1,235.85",681,"8,41,615.95",-,502,73.72
SUNDRMCLAY,EQ,16-11-2006,"1,239.00","1,205.55","1,239.00","1,201.00","1,235.95","1,222.45","1,219.09","1,519","18,51,804.90",-,891,58.66
SUNDRMCLAY,EQ,17-11-2006,"1,222.45","1,245.00","1,250.00","1,195.00","1,230.95","1,223.30","1,216.84",892,"10,85,423.00",-,635,71.19
SUNDRMCLAY,EQ,20-11-2006,"1,223.30","1,205.55","1,229.00","1,163.00","1,195.00","1,205.40","1,200.17",606,"7,27,300.60",-,371,61.22
SUNDRMCLAY,EQ,21-11-2006,"1,205.40","1,196.00","1,213.00","1,190.15","1,213.00","1,205.65","1,204.40",676,"8,14,175.05",-,501,74.11
SUNDRMCLAY,EQ,22-11-2006,"1,205.65","1,210.00","1,254.90","1,207.00","1,250.00","1,242.05","1,238.40","2,427","30,05,585.50",-,"2,329",95.96
SUNDRMCLAY,EQ,23-11-2006,"1,242.05","1,236.00","1,249.50","1,210.00","1,213.35","1,231.35","1,224.26",601,"7,35,782.15",-,409,68.05
SUNDRMCLAY,EQ,24-11-2006,"1,231.35","1,211.20","1,245.00","1,211.20","1,212.00","1,229.30","1,224.00",926,"11,33,423.05",-,556,60.04
SUNDRMCLAY,EQ,27-11-2006,"1,229.30","1,149.40","1,242.00","1,149.40","1,201.45","1,213.45","1,211.39","1,257","15,22,715.15",-,887,70.56
SUNDRMCLAY,EQ,28-11-2006,"1,213.45","1,190.20","1,218.80","1,190.20","1,214.95","1,203.70","1,212.28",346,"4,19,448.45",-,295,85.26
SUNDRMCLAY,EQ,29-11-2006,"1,203.70","1,200.00","1,230.00","1,200.00","1,229.00","1,224.40","1,214.54",256,"3,10,922.10",-,97,37.89
SUNDRMCLAY,EQ,30-11-2006,"1,224.40","1,220.00","1,229.95","1,207.05","1,229.95","1,220.55","1,217.75",989,"12,04,350.25",-,681,68.86
SUNDRMCLAY,EQ,01-12-2006,"1,220.55","1,211.00","1,234.00","1,210.00","1,234.00","1,226.55","1,219.69",785,"9,57,454.10",-,559,71.21
SUNDRMCLAY,EQ,04-12-2006,"1,226.55","1,220.00","1,220.00","1,201.00","1,201.00","1,210.75","1,212.78",326,"3,95,365.55",-,281,86.2
SUNDRMCLAY,EQ,05-12-2006,"1,210.75","1,200.00","1,215.00","1,192.00","1,192.00","1,205.00","1,206.92","2,820","34,03,510.35",-,"2,636",93.48
SUNDRMCLAY,EQ,06-12-2006,"1,205.00","1,220.95","1,220.95","1,183.05","1,210.00","1,201.00","1,200.59",329,"3,94,994.65",-,264,80.24
SUNDRMCLAY,EQ,07-12-2006,"1,201.00","1,125.55","1,210.00","1,125.55","1,201.00","1,205.45","1,199.16",575,"6,89,516.60",-,467,81.22
SUNDRMCLAY,EQ,08-12-2006,"1,205.45","1,200.00","1,200.00","1,175.00","1,175.00","1,180.30","1,185.86",410,"4,86,200.90",-,398,97.07
SUNDRMCLAY,EQ,11-12-2006,"1,180.30","1,194.00","1,194.00","1,131.00","1,155.00","1,161.10","1,159.66",432,"5,00,974.20",-,319,73.84
SUNDRMCLAY,EQ,12-12-2006,"1,161.10","1,175.50","1,184.20","1,130.05","1,149.95","1,145.75","1,151.71",489,"5,63,188.25",-,285,58.28
SUNDRMCLAY,EQ,13-12-2006,"1,145.75","1,159.90","1,177.00","1,095.00","1,095.00","1,124.25","1,131.40",533,"6,03,033.65",-,356,66.79
SUNDRMCLAY,EQ,14-12-2006,"1,124.25","1,142.00","1,165.00","1,139.00","1,145.00","1,152.55","1,148.12",366,"4,20,210.80",-,259,70.77
SUNDRMCLAY,EQ,15-12-2006,"1,152.55","1,168.95","1,180.00","1,150.00","1,161.00","1,161.00","1,166.72",140,"1,63,340.65",-,103,73.57
SUNDRMCLAY,EQ,18-12-2006,"1,161.00","1,180.00","1,188.70","1,141.00","1,141.00","1,147.75","1,158.35",183,"2,11,978.70",-,167,91.26
SUNDRMCLAY,EQ,19-12-2006,"1,147.75","1,145.00","1,158.00","1,140.00","1,140.00","1,142.75","1,145.80",302,"3,46,030.85",-,297,98.34
SUNDRMCLAY,EQ,20-12-2006,"1,142.75","1,130.00","1,130.00","1,109.00","1,109.00","1,109.85","1,125.11",473,"5,32,176.15",-,413,87.32
SUNDRMCLAY,EQ,21-12-2006,"1,109.85","1,145.00","1,149.90","1,126.00","1,148.95","1,148.50","1,145.17",554,"6,34,424.15",-,551,99.46
SUNDRMCLAY,EQ,22-12-2006,"1,148.50","1,149.90","1,200.00","1,148.00","1,150.00","1,150.55","1,158.70","1,374","15,92,051.70",-,"1,213",88.28
SUNDRMCLAY,EQ,26-12-2006,"1,150.55","1,149.90","1,184.00","1,149.90","1,184.00","1,175.20","1,161.91","20,897","2,42,80,386.00",-,859,4.11
SUNDRMCLAY,EQ,27-12-2006,"1,175.20","1,182.00","1,325.00","1,170.00","1,320.80","1,296.95","1,269.86","11,718","1,48,80,213.15",-,"5,906",50.4
SUNDRMCLAY,EQ,28-12-2006,"1,296.95","1,300.00","1,400.00","1,250.00","1,384.90","1,369.30","1,347.01","14,847","1,99,98,983.25",-,"9,961",67.09
SUNDRMCLAY,EQ,29-12-2006,"1,369.30","1,390.50","1,400.00","1,335.35","1,390.00","1,390.40","1,383.52","3,934","54,42,787.20",-,"2,239",56.91
SUNDRMCLAY,EQ,02-01-2007,"1,390.40","1,330.00","1,383.90","1,325.00","1,330.00","1,335.25","1,354.49",859,"11,63,505.85",-,648,75.44
SUNDRMCLAY,EQ,03-01-2007,"1,335.25","1,330.00","1,370.00","1,312.70","1,337.10","1,344.55","1,352.05","1,225","16,56,260.30",-,"1,061",86.61
SUNDRMCLAY,EQ,04-01-2007,"1,344.55","1,307.05","1,354.95","1,307.05","1,340.00","1,340.00","1,335.93",221,"2,95,241.50",-,176,79.64
SUNDRMCLAY,EQ,05-01-2007,"1,340.00","1,345.00","1,357.00","1,324.00","1,325.00","1,327.70","1,328.99",392,"5,20,965.00",-,317,80.87
SUNDRMCLAY,EQ,08-01-2007,"1,327.70","1,255.55","1,315.00","1,255.55","1,272.00","1,270.55","1,271.77","1,603","20,38,646.85",-,"1,258",78.48
SUNDRMCLAY,EQ,09-01-2007,"1,270.55","1,440.00","1,440.00","1,255.00","1,300.00","1,297.65","1,289.27",692,"8,92,173.55",-,583,84.25
SUNDRMCLAY,EQ,10-01-2007,"1,297.65","1,300.00","1,312.90","1,281.55","1,299.00","1,296.15","1,302.33",278,"3,62,047.00",-,195,70.14
SUNDRMCLAY,EQ,11-01-2007,"1,296.15","1,280.05","1,320.00","1,280.00","1,315.00","1,315.50","1,302.84","1,005","13,09,350.60",-,845,84.08
SUNDRMCLAY,EQ,12-01-2007,"1,315.50","1,320.00","1,350.00","1,293.40","1,310.20","1,325.30","1,323.21",612,"8,09,805.85",-,565,92.32
SUNDRMCLAY,EQ,15-01-2007,"1,325.30","1,250.00","1,350.00","1,250.00","1,285.05","1,303.80","1,304.49",168,"2,19,154.10",-,147,87.5
SUNDRMCLAY,EQ,16-01-2007,"1,303.80","1,349.00","1,349.00","1,276.50","1,296.00","1,310.00","1,303.37",789,"10,28,355.00",-,643,81.5
SUNDRMCLAY,EQ,17-01-2007,"1,310.00","1,325.00","1,325.00","1,285.00","1,290.20","1,298.35","1,304.41","2,273","29,64,918.25",-,261,11.48
SUNDRMCLAY,EQ,18-01-2007,"1,298.35","1,284.00","1,307.00","1,283.05","1,284.15","1,287.00","1,294.08",550,"7,11,743.65",-,228,41.45
SUNDRMCLAY,EQ,19-01-2007,"1,287.00","1,281.00","1,297.00","1,273.00","1,284.00","1,277.60","1,279.80",223,"2,85,394.60",-,167,74.89
SUNDRMCLAY,EQ,22-01-2007,"1,277.60","1,285.00","1,296.95","1,240.10","1,252.10","1,254.55","1,264.51",870,"11,00,127.95",-,534,61.38
SUNDRMCLAY,EQ,23-01-2007,"1,254.55","1,250.00","1,270.00","1,250.00","1,260.00","1,260.00","1,263.64",103,"1,30,155.00",-,103,100.0
SUNDRMCLAY,EQ,24-01-2007,"1,260.00","1,260.00","1,269.95","1,251.05","1,251.05","1,251.05","1,261.55",126,"1,58,954.95",-,95,75.4
SUNDRMCLAY,EQ,25-01-2007,"1,251.05","1,218.50","1,268.95","1,218.50","1,245.00","1,245.70","1,249.03",233,"2,91,023.65",-,181,77.68
SUNDRMCLAY,EQ,29-01-2007,"1,245.70","1,170.00","1,255.00","1,170.00","1,240.00","1,240.90","1,243.83","1,179","14,66,480.25",-,999,84.73
SUNDRMCLAY,EQ,31-01-2007,"1,240.90","1,240.10","1,265.00","1,240.10","1,240.45","1,243.55","1,241.31",492,"6,10,726.55",-,417,84.76
SUNDRMCLAY,EQ,01-02-2007,"1,243.55","1,295.00","1,295.00","1,240.10","1,256.00","1,250.00","1,247.59",231,"2,88,192.30",-,216,93.51
SUNDRMCLAY,EQ,02-02-2007,"1,250.00","1,240.55","1,245.00","1,187.20","1,205.00","1,193.25","1,234.54","1,280","15,80,215.55",-,"1,252",97.81
SUNDRMCLAY,EQ,05-02-2007,"1,193.25","1,131.55","1,225.00","1,131.55","1,225.00","1,206.15","1,195.63","1,592","19,03,449.10",-,494,31.03
SUNDRMCLAY,EQ,06-02-2007,"1,206.15","1,240.10","1,241.00","1,203.00","1,203.00","1,207.70","1,223.36",666,"8,14,759.35",-,396,59.46
SUNDRMCLAY,EQ,07-02-2007,"1,207.70","1,229.00","1,250.00","1,180.10","1,250.00","1,213.90","1,201.07","2,274","27,31,236.45",-,"1,716",75.46
SUNDRMCLAY,EQ,08-02-2007,"1,213.90","1,250.00","1,250.00","1,182.60","1,189.10","1,199.10","1,199.42","1,992","23,89,237.00",-,"1,712",85.94
SUNDRMCLAY,EQ,09-02-2007,"1,199.10","1,220.00","1,220.00","1,189.10","1,199.90","1,199.95","1,193.11",502,"5,98,941.50",-,454,90.44
SUNDRMCLAY,EQ,12-02-2007,"1,199.95","1,185.10","1,240.00","1,170.00","1,177.00","1,198.30","1,196.43",387,"4,63,019.25",-,331,85.53
SUNDRMCLAY,EQ,13-02-2007,"1,198.30","1,185.10","1,215.00","1,171.55","1,188.00","1,200.70","1,192.70","1,031","12,29,670.25",-,777,75.36
SUNDRMCLAY,EQ,14-02-2007,"1,200.70","1,180.10","1,218.00","1,150.10","1,217.70","1,215.50","1,196.51",643,"7,69,355.65",-,594,92.38
SUNDRMCLAY,EQ,15-02-2007,"1,215.50","1,196.00","1,214.00","1,190.00","1,191.05","1,191.05","1,192.22",370,"4,41,121.40",-,343,92.7
SUNDRMCLAY,EQ,19-02-2007,"1,191.05","1,161.55","1,239.00","1,161.55","1,186.10","1,186.10","1,197.61",486,"5,82,037.85",-,370,76.13
SUNDRMCLAY,EQ,20-02-2007,"1,186.10","1,170.15","1,175.00","1,170.15","1,172.15","1,173.15","1,173.17",71,"83,295.25",-,51,71.83
SUNDRMCLAY,EQ,21-02-2007,"1,173.15","1,170.00","1,210.00","1,170.00","1,190.00","1,197.45","1,194.54",943,"11,26,454.60",-,661,70.1
SUNDRMCLAY,EQ,22-02-2007,"1,197.45","1,205.00","1,219.00","1,172.00","1,172.00","1,173.25","1,201.30",572,"6,87,141.20",-,547,95.63
SUNDRMCLAY,EQ,23-02-2007,"1,173.25","1,190.00","1,190.00","1,128.00","1,136.00","1,154.00","1,154.66",306,"3,53,327.05",-,288,94.12
SUNDRMCLAY,EQ,26-02-2007,"1,154.00","1,078.00","1,175.00","1,076.10","1,170.00","1,170.35","1,152.19",746,"8,59,531.00",-,604,80.97
SUNDRMCLAY,EQ,27-02-2007,"1,170.35","1,150.00","1,170.00","1,144.70","1,155.00","1,152.15","1,157.05",349,"4,03,810.60",-,276,79.08
SUNDRMCLAY,EQ,28-02-2007,"1,152.15","1,057.00","1,200.00","1,057.00","1,120.00","1,122.75","1,186.13","1,734","20,56,748.70",-,"1,669",96.25
SUNDRMCLAY,EQ,01-03-2007,"1,122.75","1,075.55","1,134.70","1,070.00","1,090.10","1,097.80","1,103.55",246,"2,71,473.00",-,171,69.51
SUNDRMCLAY,EQ,02-03-2007,"1,097.80","1,150.00","1,170.00","1,060.00","1,075.00","1,092.05","1,111.51","1,495","16,61,712.45",-,176,11.77
SUNDRMCLAY,EQ,05-03-2007,"1,092.05","1,018.80","1,106.00",983.65,983.65,994.65,"1,028.67",664,"6,83,035.10",-,501,75.45
SUNDRMCLAY,EQ,06-03-2007,994.65,992.00,"1,087.00",991.10,"1,000.15","1,000.75","1,052.36","2,353","24,76,208.60",-,"1,350",57.37
SUNDRMCLAY,EQ,07-03-2007,"1,000.75","1,010.00","1,020.00",956.25,"1,000.00","1,006.35",999.82,359,"3,58,936.30",-,330,91.92
SUNDRMCLAY,EQ,08-03-2007,"1,006.35","1,011.00","1,011.00",980.00,"1,010.00","1,007.10",998.46,122,"1,21,812.00",-,111,90.98
SUNDRMCLAY,EQ,09-03-2007,"1,007.10",985.05,"1,032.00",985.05,999.90,999.90,"1,008.05","2,147","21,64,291.60",-,147,6.85
SUNDRMCLAY,EQ,12-03-2007,999.90,"1,001.00","1,044.00",990.00,"1,018.90","1,004.75","1,021.49","3,023","30,87,952.30",-,"1,015",33.58
SUNDRMCLAY,EQ,13-03-2007,"1,004.75","1,005.00","1,015.00",990.00,990.00,"1,000.10","1,001.48",972,"9,73,439.40",-,950,97.74
SUNDRMCLAY,EQ,14-03-2007,"1,000.10","1,000.00","1,000.00",960.00,971.00,973.60,975.78,279,"2,72,243.45",-,249,89.25
SUNDRMCLAY,EQ,15-03-2007,973.60,"1,010.00","1,010.00",987.00,987.00,992.00,999.01,191,"1,90,810.00",-,176,92.15
SUNDRMCLAY,EQ,16-03-2007,992.00,"1,000.00","1,010.00",986.50,999.95,999.95,"1,005.82","2,077","20,89,085.30",-,"2,058",99.09
SUNDRMCLAY,EQ,19-03-2007,999.95,"1,000.00","1,004.50",996.00,"1,000.00","1,000.00","1,001.63","4,782","47,89,796.45",-,"4,782",100.0
SUNDRMCLAY,EQ,20-03-2007,"1,000.00",988.00,"1,003.00",988.00,995.00,995.00,"1,000.83",157,"1,57,131.00",-,147,93.63
SUNDRMCLAY,EQ,21-03-2007,995.00,994.00,"1,012.00",991.25,"1,000.00",992.75,998.24,84,"83,851.75",-,48,57.14
SUNDRMCLAY,EQ,22-03-2007,992.75,"1,000.00","1,000.00",995.00,996.00,997.95,999.46,476,"4,75,741.00",-,476,100.0
SUNDRMCLAY,EQ,23-03-2007,997.95,"1,000.00","1,000.00",980.05,995.00,995.00,996.02,53,"52,789.00",-,48,90.57
SUNDRMCLAY,EQ,26-03-2007,995.00,985.00,999.75,985.00,990.00,994.85,989.60,270,"2,67,192.45",-,220,81.48
SUNDRMCLAY,EQ,28-03-2007,994.85,928.80,994.00,928.00,989.00,974.75,962.62,401,"3,86,010.20",-,139,34.66
SUNDRMCLAY,EQ,29-03-2007,974.75,980.00,989.95,954.00,971.00,971.65,971.25,285,"2,76,805.85",-,222,77.89
SUNDRMCLAY,EQ,30-03-2007,971.65,984.00,984.00,960.00,960.00,967.30,965.98,168,"1,62,284.50",-,131,77.98
SUNDRMCLAY,EQ,02-04-2007,967.30,918.80,950.00,885.05,885.05,918.95,921.88,437,"4,02,859.80",-,435,99.54
SUNDRMCLAY,EQ,03-04-2007,918.95,901.70,943.00,901.70,929.00,929.00,933.07,82,"76,511.80",-,52,63.41
SUNDRMCLAY,EQ,04-04-2007,929.00,969.00,969.00,930.00,930.00,930.00,938.93,222,"2,08,443.15",-,182,81.98
SUNDRMCLAY,EQ,05-04-2007,930.00,944.00,955.00,944.00,944.00,944.00,949.54,397,"3,76,966.75",-,386,97.23
SUNDRMCLAY,EQ,09-04-2007,944.00,945.05,962.00,922.00,922.00,923.90,930.12,573,"5,32,961.60",-,463,80.8
SUNDRMCLAY,EQ,10-04-2007,923.90,928.00,928.00,862.00,896.00,898.60,903.50,"1,320","11,92,616.00",-,911,69.02
SUNDRMCLAY,EQ,11-04-2007,898.60,895.55,938.00,881.00,922.55,924.35,924.34,"1,535","14,18,860.05",-,"1,437",93.62
SUNDRMCLAY,EQ,12-04-2007,924.35,929.95,929.95,920.25,921.10,921.10,921.55,156,"1,43,761.15",-,90,57.69
SUNDRMCLAY,EQ,13-04-2007,921.10,930.00,930.00,921.50,930.00,925.45,924.86,281,"2,59,886.75",-,281,100.0
SUNDRMCLAY,EQ,16-04-2007,925.45,945.00,950.00,903.05,920.00,916.15,916.62,635,"5,82,055.45",-,507,79.84
SUNDRMCLAY,EQ,17-04-2007,916.15,930.00,939.95,911.00,920.05,920.05,925.65,287,"2,65,660.70",-,243,84.67
SUNDRMCLAY,EQ,18-04-2007,920.05,929.00,929.00,915.00,920.00,919.00,921.06,152,"1,40,001.00",-,147,96.71
SUNDRMCLAY,EQ,19-04-2007,919.00,910.20,930.00,906.00,907.60,911.50,917.90,670,"6,14,989.65",-,552,82.39
SUNDRMCLAY,EQ,20-04-2007,911.50,926.00,927.00,913.00,926.95,924.80,922.80,177,"1,63,335.80",-,177,100.0
SUNDRMCLAY,EQ,23-04-2007,924.80,916.00,923.00,916.00,923.00,922.70,920.81,310,"2,85,452.50",-,310,100.0
SUNDRMCLAY,EQ,24-04-2007,922.70,926.00,926.00,916.55,916.55,916.55,921.08,289,"2,66,191.30",-,279,96.54
SUNDRMCLAY,EQ,25-04-2007,916.55,917.10,924.00,900.00,918.00,920.15,915.89,359,"3,28,805.50",-,316,88.02
SUNDRMCLAY,EQ,26-04-2007,920.15,925.00,925.00,911.00,920.00,919.95,919.65,"2,286","21,02,326.55",-,"2,195",96.02
SUNDRMCLAY,EQ,27-04-2007,919.95,911.00,918.00,856.80,904.00,906.60,901.50,616,"5,55,324.95",-,475,77.11
SUNDRMCLAY,EQ,30-04-2007,906.60,900.00,900.00,840.00,840.00,851.65,866.36,"3,118","27,01,302.10",-,"2,649",84.96
SUNDRMCLAY,EQ,03-05-2007,851.65,876.00,908.00,846.00,850.00,849.70,860.38,"1,748","15,03,938.70",-,"1,314",75.17
SUNDRMCLAY,EQ,04-05-2007,849.70,868.00,868.00,840.00,849.00,846.05,849.93,677,"5,75,404.05",-,608,89.81
SUNDRMCLAY,EQ,07-05-2007,846.05,851.00,851.00,842.00,847.05,847.75,847.02,"50,861","4,30,80,359.45",-,"50,794",99.87
SUNDRMCLAY,EQ,08-05-2007,847.75,850.00,862.00,837.00,840.00,842.10,849.04,"1,881","15,97,051.25",-,"1,808",96.12
SUNDRMCLAY,EQ,09-05-2007,842.10,835.00,840.00,820.00,821.00,827.55,829.83,998,"8,28,168.25",-,880,88.18
SUNDRMCLAY,EQ,10-05-2007,827.55,839.00,859.90,828.10,846.00,845.60,846.45,"1,699","14,38,111.15",-,"1,244",73.22
SUNDRMCLAY,EQ,11-05-2007,845.60,800.00,900.00,800.00,877.00,879.85,878.94,"3,635","31,94,932.80",-,"3,035",83.49
SUNDRMCLAY,EQ,14-05-2007,879.85,928.00,967.85,928.00,967.85,967.05,966.56,"16,733","1,61,73,492.20",-,"11,512",68.8
SUNDRMCLAY,EQ,15-05-2007,967.05,980.00,"1,007.00",945.05,950.00,949.75,978.24,"12,739","1,24,61,765.65",-,"7,814",61.34
SUNDRMCLAY,EQ,16-05-2007,949.75,964.00,974.90,940.00,950.05,956.00,952.43,"54,305","5,17,21,615.25",-,"53,634",98.76
SUNDRMCLAY,EQ,17-05-2007,956.00,960.00,960.00,947.00,947.00,949.20,954.38,"1,246","11,89,163.05",-,988,79.29
SUNDRMCLAY,EQ,18-05-2007,949.20,942.05,951.00,934.00,940.00,944.80,944.78,895,"8,45,574.25",-,803,89.72
SUNDRMCLAY,EQ,21-05-2007,944.80,879.90,950.00,879.90,940.00,940.00,941.07,653,"6,14,518.20",-,560,85.76
SUNDRMCLAY,EQ,22-05-2007,940.00,945.00,990.00,945.00,978.90,977.05,970.31,"3,553","34,47,497.30",-,"1,452",40.87
SUNDRMCLAY,EQ,23-05-2007,977.05,990.00,"1,010.00",970.00,992.90,976.55,988.51,"1,837","18,15,895.05",-,"1,497",81.49
SUNDRMCLAY,EQ,24-05-2007,976.55,975.00,980.00,966.20,968.60,973.05,973.96,280,"2,72,709.35",-,203,72.5
SUNDRMCLAY,EQ,25-05-2007,973.05,955.20,999.00,945.00,985.00,979.15,978.07,"1,183","11,57,055.20",-,795,67.2
SUNDRMCLAY,EQ,28-05-2007,979.15,999.00,"1,012.00",975.00,975.00,982.75,983.45,"1,352","13,29,630.35",-,"1,046",77.37
SUNDRMCLAY,EQ,29-05-2007,982.75,985.00,990.00,961.00,969.90,970.00,979.27,956,"9,36,179.15",-,841,87.97
SUNDRMCLAY,EQ,30-05-2007,970.00,970.00,975.00,906.20,951.70,951.75,958.03,749,"7,17,564.85",-,506,67.56
SUNDRMCLAY,EQ,31-05-2007,951.75,952.00,970.00,950.05,951.10,960.85,960.24,317,"3,04,396.70",-,243,76.66
SUNDRMCLAY,EQ,01-06-2007,960.85,950.00,955.00,940.00,940.00,944.10,946.38,823,"7,78,869.10",-,636,77.28
SUNDRMCLAY,EQ,04-06-2007,944.10,941.00,941.10,910.00,910.00,920.85,931.21,"1,010","9,40,524.80",-,769,76.14
SUNDRMCLAY,EQ,05-06-2007,920.85,929.85,930.00,912.50,912.60,917.15,920.59,646,"5,94,700.30",-,496,76.78
SUNDRMCLAY,EQ,06-06-2007,917.15,917.00,937.85,914.00,920.00,919.00,922.39,519,"4,78,718.40",-,392,75.53
SUNDRMCLAY,EQ,07-06-2007,919.00,919.90,921.00,901.25,906.00,908.85,912.83,118,"1,07,714.40",-,105,88.98
SUNDRMCLAY,EQ,08-06-2007,908.85,891.00,909.90,891.00,895.00,897.00,899.78,321,"2,88,829.40",-,319,99.38
SUNDRMCLAY,EQ,11-06-2007,897.00,904.00,949.80,835.40,881.05,888.45,899.05,722,"6,49,115.05",-,442,61.22
SUNDRMCLAY,EQ,12-06-2007,888.45,891.00,894.90,871.00,885.00,889.90,890.22,481,"4,28,197.00",-,212,44.07
SUNDRMCLAY,EQ,13-06-2007,889.90,880.00,899.00,875.05,875.05,876.10,882.12,308,"2,71,693.80",-,243,78.9
SUNDRMCLAY,EQ,14-06-2007,876.10,877.05,928.75,875.00,887.10,886.20,892.07,476,"4,24,624.50",-,348,73.11
SUNDRMCLAY,EQ,15-06-2007,886.20,895.00,895.10,875.00,875.00,880.15,891.02,"15,567","1,38,70,489.25",-,"15,439",99.18
SUNDRMCLAY,EQ,18-06-2007,880.15,882.00,904.85,866.00,866.00,867.45,878.45,311,"2,73,198.65",-,276,88.75
SUNDRMCLAY,EQ,19-06-2007,867.45,873.00,882.50,866.00,880.00,880.20,872.30,777,"6,77,779.10",-,635,81.72
SUNDRMCLAY,EQ,20-06-2007,880.20,898.00,899.00,882.00,884.00,884.85,889.84,318,"2,82,968.60",-,297,93.4
SUNDRMCLAY,EQ,21-06-2007,884.85,880.00,892.00,870.00,875.05,878.75,877.77,495,"4,34,498.40",-,365,73.74
SUNDRMCLAY,EQ,22-06-2007,878.75,893.00,893.00,882.25,886.00,891.70,889.20,154,"1,36,937.55",-,144,93.51
SUNDRMCLAY,EQ,25-06-2007,891.70,893.00,900.00,885.00,885.10,887.95,890.47,240,"2,13,713.80",-,217,90.42
SUNDRMCLAY,EQ,26-06-2007,887.95,897.65,897.65,870.00,885.10,885.15,884.60,529,"4,67,955.20",-,491,92.82
SUNDRMCLAY,EQ,27-06-2007,885.15,888.00,888.00,872.00,872.00,874.70,880.07,320,"2,81,622.90",-,256,80.0
SUNDRMCLAY,EQ,28-06-2007,874.70,880.00,880.00,855.00,860.00,862.45,863.61,755,"6,52,024.05",-,634,83.97
SUNDRMCLAY,EQ,29-06-2007,862.45,862.45,880.00,858.30,858.30,866.10,862.18,458,"3,94,878.95",-,413,90.17
SUNDRMCLAY,EQ,02-07-2007,866.10,858.30,865.00,822.25,845.30,855.70,856.43,"1,321","11,31,344.65",-,"1,069",80.92
SUNDRMCLAY,EQ,03-07-2007,855.70,850.00,857.95,846.00,846.00,848.00,849.89,840,"7,13,909.85",-,800,95.24
SUNDRMCLAY,EQ,04-07-2007,848.00,846.10,868.70,825.50,830.00,831.90,837.68,"1,812","15,17,881.45",-,"1,531",84.49
SUNDRMCLAY,EQ,05-07-2007,831.90,835.00,839.00,820.25,826.00,827.80,828.75,"2,517","20,85,954.80",-,"2,183",86.73
SUNDRMCLAY,EQ,06-07-2007,827.80,838.00,850.00,830.30,838.05,849.25,847.66,"1,186","10,05,321.40",-,"1,119",94.35
SUNDRMCLAY,EQ,09-07-2007,849.25,846.00,849.45,837.00,840.15,843.45,842.12,951,"8,00,852.80",-,640,67.3
SUNDRMCLAY,EQ,10-07-2007,843.45,835.20,859.00,835.20,836.00,837.50,842.21,509,"4,28,682.60",-,407,79.96
SUNDRMCLAY,EQ,11-07-2007,837.50,835.10,847.00,830.00,845.00,841.45,840.07,"1,525","12,81,111.75",-,"1,401",91.87
SUNDRMCLAY,EQ,12-07-2007,841.45,855.00,857.00,835.30,849.00,849.05,846.93,694,"5,87,769.80",-,599,86.31
SUNDRMCLAY,EQ,13-07-2007,849.05,896.00,900.00,841.00,841.00,847.20,855.46,"2,089","17,87,047.05",-,"1,681",80.47
SUNDRMCLAY,EQ,16-07-2007,847.20,888.50,888.50,830.00,839.85,835.95,843.06,"1,186","9,99,868.00",-,"1,038",87.52
SUNDRMCLAY,EQ,17-07-2007,835.95,833.10,842.00,827.00,838.00,832.35,835.31,"1,097","9,16,334.35",-,929,84.69
SUNDRMCLAY,EQ,18-07-2007,832.35,836.00,855.00,825.00,830.00,835.05,832.76,"2,417","20,12,776.25",-,"1,539",63.67
SUNDRMCLAY,EQ,19-07-2007,835.05,827.00,839.80,827.00,834.50,834.50,833.00,474,"3,94,843.30",-,442,93.25
SUNDRMCLAY,EQ,20-07-2007,834.50,849.85,849.85,831.00,833.00,838.15,838.35,586,"4,91,272.05",-,529,90.27
SUNDRMCLAY,EQ,23-07-2007,838.15,782.00,835.00,782.00,825.00,826.10,827.44,"5,275","43,64,760.95",-,"5,245",99.43
SUNDRMCLAY,EQ,24-07-2007,826.10,826.00,826.00,809.00,809.00,812.20,818.46,930,"7,61,166.00",-,815,87.63
SUNDRMCLAY,EQ,25-07-2007,812.20,825.00,826.00,807.00,819.00,812.30,818.92,"9,261","75,84,019.20",-,"9,124",98.52
SUNDRMCLAY,EQ,26-07-2007,812.30,802.60,815.00,802.60,808.85,807.25,808.96,790,"6,39,075.95",-,571,72.28
SUNDRMCLAY,EQ,27-07-2007,807.25,814.15,814.15,790.00,792.00,790.90,795.00,"1,045","8,30,771.65",-,956,91.48
SUNDRMCLAY,EQ,30-07-2007,790.90,810.00,810.00,783.00,783.00,785.30,792.09,"3,572","28,29,356.35",-,"3,510",98.26
SUNDRMCLAY,EQ,31-07-2007,785.30,808.00,809.00,782.10,793.00,788.15,788.31,"1,053","8,30,094.00",-,990,94.02
SUNDRMCLAY,EQ,01-08-2007,788.15,785.00,789.00,772.00,785.00,775.55,779.57,970,"7,56,186.15",-,905,93.3
SUNDRMCLAY,EQ,02-08-2007,775.55,799.00,808.85,771.00,773.00,773.70,777.42,924,"7,18,338.20",-,758,82.03
SUNDRMCLAY,EQ,03-08-2007,773.70,796.20,796.20,742.10,755.00,758.30,764.63,"1,339","10,23,837.00",-,"1,045",78.04
SUNDRMCLAY,EQ,06-08-2007,758.30,760.00,768.00,745.55,755.90,752.25,754.71,549,"4,14,334.45",-,339,61.75
SUNDRMCLAY,EQ,07-08-2007,752.25,769.00,769.00,740.00,750.05,750.15,749.60,"8,583","64,33,791.15",-,"8,231",95.9
SUNDRMCLAY,EQ,08-08-2007,750.15,755.00,760.00,745.50,749.00,748.15,749.40,"3,482","26,09,394.40",-,"3,344",96.04
SUNDRMCLAY,EQ,09-08-2007,748.15,750.00,759.90,740.00,741.00,741.10,746.85,"1,002","7,48,348.50",-,975,97.31
SUNDRMCLAY,EQ,10-08-2007,741.10,741.00,758.90,741.00,742.00,750.10,749.74,"1,625","12,18,329.95",-,"1,174",72.25
SUNDRMCLAY,EQ,13-08-2007,750.10,751.00,753.80,741.00,741.00,742.40,745.70,"1,639","12,22,207.30",-,"1,555",94.87
SUNDRMCLAY,EQ,14-08-2007,742.40,741.00,748.75,740.00,745.00,745.25,744.83,"7,220","53,77,639.45",-,"7,090",98.2
SUNDRMCLAY,EQ,16-08-2007,745.25,702.00,749.60,640.90,721.55,725.20,724.24,804,"5,82,288.90",-,727,90.42
SUNDRMCLAY,EQ,17-08-2007,725.20,720.00,739.00,701.25,725.00,725.35,725.17,520,"3,77,089.90",-,335,64.42
SUNDRMCLAY,EQ,20-08-2007,725.35,745.00,747.00,710.00,714.00,716.85,725.23,779,"5,64,957.40",-,526,67.52
SUNDRMCLAY,EQ,21-08-2007,716.85,720.00,725.00,705.00,720.00,707.60,713.22,926,"6,60,437.95",-,889,96.0
SUNDRMCLAY,EQ,22-08-2007,707.60,695.05,720.00,695.05,715.00,709.85,708.48,465,"3,29,443.70",-,375,80.65
SUNDRMCLAY,EQ,23-08-2007,709.85,725.00,725.00,695.00,700.00,696.35,705.68,"1,140","8,04,478.20",-,"1,094",95.96
SUNDRMCLAY,EQ,24-08-2007,696.35,705.00,705.00,688.10,695.05,695.15,695.64,474,"3,29,731.50",-,383,80.8
SUNDRMCLAY,EQ,27-08-2007,695.15,709.85,709.85,699.00,704.50,705.05,702.34,933,"6,55,285.05",-,858,91.96
SUNDRMCLAY,EQ,28-08-2007,705.05,702.00,709.00,695.00,700.00,700.00,699.94,"2,633","18,42,943.70",-,"2,566",97.46
SUNDRMCLAY,EQ,29-08-2007,700.00,800.00,800.00,680.00,687.00,687.80,695.29,"1,039","7,22,409.60",-,831,79.98
SUNDRMCLAY,EQ,30-08-2007,687.80,697.00,719.85,697.00,715.00,707.40,709.95,"64,475","4,57,73,981.80",-,"64,213",99.59
SUNDRMCLAY,EQ,31-08-2007,707.40,700.35,725.00,695.00,699.85,699.80,705.50,"3,430","24,19,852.40",-,"2,726",79.48
SUNDRMCLAY,EQ,03-09-2007,699.80,700.00,719.80,699.90,714.00,714.00,703.65,"1,990","14,00,254.35",-,"1,804",90.65
SUNDRMCLAY,EQ,04-09-2007,714.00,709.00,717.95,703.05,710.00,707.35,709.28,"1,156","8,19,928.05",-,886,76.64
SUNDRMCLAY,EQ,05-09-2007,707.35,715.00,724.80,707.00,719.80,715.25,713.10,"5,187","36,98,855.40",-,"4,529",87.31
SUNDRMCLAY,EQ,06-09-2007,715.25,720.50,720.50,705.50,714.80,715.00,714.68,"1,130","8,07,589.85",-,683,60.44
SUNDRMCLAY,EQ,07-09-2007,715.00,716.00,727.80,716.00,723.00,722.40,722.38,737,"5,32,392.35",-,634,86.02
SUNDRMCLAY,EQ,10-09-2007,722.40,723.00,740.00,712.25,740.00,726.55,722.31,"1,232","8,89,889.20",-,"1,169",94.89
SUNDRMCLAY,EQ,11-09-2007,726.55,750.00,787.00,745.00,776.90,768.05,768.57,"2,696","20,72,055.00",-,"2,262",83.9
SUNDRMCLAY,EQ,12-09-2007,768.05,790.00,791.00,760.40,765.10,768.10,769.84,989,"7,61,370.75",-,755,76.34
SUNDRMCLAY,EQ,13-09-2007,768.10,766.05,777.15,750.00,752.00,756.35,761.94,676,"5,15,069.20",-,601,88.91
SUNDRMCLAY,EQ,14-09-2007,756.35,750.25,760.00,744.00,744.00,745.20,749.62,"1,586","11,88,895.15",-,"1,322",83.35
SUNDRMCLAY,EQ,17-09-2007,745.20,765.00,766.65,754.00,756.20,759.25,760.88,576,"4,38,265.85",-,419,72.74
SUNDRMCLAY,EQ,18-09-2007,759.25,757.00,764.45,747.45,755.00,752.95,755.85,375,"2,83,445.40",-,283,75.47
SUNDRMCLAY,EQ,19-09-2007,752.95,764.45,764.45,720.00,744.90,738.40,746.14,983,"7,33,458.75",-,696,70.8
SUNDRMCLAY,EQ,20-09-2007,738.40,745.00,750.00,732.40,745.00,745.35,746.90,"1,061","7,92,460.15",-,974,91.8
SUNDRMCLAY,EQ,21-09-2007,745.35,750.00,750.00,733.00,737.00,740.90,737.22,529,"3,89,989.05",-,355,67.11
SUNDRMCLAY,EQ,24-09-2007,740.90,735.55,746.40,735.55,737.00,737.00,736.95,"1,336","9,84,567.95",-,983,73.58
SUNDRMCLAY,EQ,25-09-2007,737.00,740.00,740.90,730.65,737.00,737.00,736.09,691,"5,08,635.55",-,469,67.87
SUNDRMCLAY,EQ,26-09-2007,737.00,759.80,790.00,730.00,754.00,756.05,757.99,"3,109","23,56,593.65",-,"2,488",80.03
SUNDRMCLAY,EQ,27-09-2007,756.05,778.75,790.00,755.00,765.00,764.30,771.01,"2,034","15,68,233.05",-,"1,536",75.52
SUNDRMCLAY,EQ,28-09-2007,764.30,760.00,772.90,740.00,755.70,759.45,752.51,"1,680","12,64,222.60",-,"1,309",77.92
SUNDRMCLAY,EQ,01-10-2007,759.45,760.00,768.00,755.00,760.00,759.95,760.28,"1,578","11,99,725.35",-,"1,435",90.94
SUNDRMCLAY,EQ,03-10-2007,759.95,741.25,768.00,707.70,750.00,751.80,759.40,"3,998","30,36,067.05",-,"3,840",96.05
SUNDRMCLAY,EQ,04-10-2007,751.80,750.00,750.00,737.10,737.10,739.75,743.62,"2,142","15,92,834.35",-,"1,800",84.03
SUNDRMCLAY,EQ,05-10-2007,739.75,755.05,780.00,725.05,741.25,742.70,749.01,"32,206","2,41,22,582.85",-,"31,364",97.39
SUNDRMCLAY,EQ,08-10-2007,742.70,774.10,774.10,726.05,726.20,727.35,738.36,"1,680","12,40,449.90",-,934,55.6
SUNDRMCLAY,EQ,09-10-2007,727.35,735.00,765.00,719.55,748.00,737.80,763.94,"77,358","5,90,97,203.35",-,"76,221",98.53
SUNDRMCLAY,EQ,10-10-2007,737.80,750.00,765.00,730.05,730.05,738.05,745.00,"1,459","10,86,947.75",-,974,66.76
SUNDRMCLAY,EQ,11-10-2007,738.05,701.05,749.80,701.05,715.90,717.95,725.77,926,"6,72,061.40",-,737,79.59
SUNDRMCLAY,EQ,12-10-2007,717.95,715.00,758.00,715.00,758.00,752.00,749.99,"51,543","3,86,56,978.15",-,"51,382",99.69
SUNDRMCLAY,EQ,15-10-2007,752.00,760.00,774.95,735.00,772.90,769.95,767.43,"2,695","20,68,211.25",-,"2,260",83.86
SUNDRMCLAY,EQ,16-10-2007,769.95,774.00,780.00,755.30,757.25,757.75,769.86,"9,011","69,37,228.55",-,"8,661",96.12
SUNDRMCLAY,EQ,17-10-2007,757.75,755.10,755.10,721.00,755.00,749.90,740.84,"2,042","15,12,795.45",-,"1,944",95.2
SUNDRMCLAY,EQ,18-10-2007,749.90,745.00,760.00,740.25,740.25,740.60,743.64,"1,511","11,23,642.45",-,"1,409",93.25
SUNDRMCLAY,EQ,19-10-2007,740.60,730.20,744.00,727.00,727.20,727.80,728.25,456,"3,32,082.45",-,446,97.81
SUNDRMCLAY,EQ,22-10-2007,727.80,725.00,748.00,725.00,735.00,735.30,737.77,"1,238","9,13,353.25",-,978,79.0
SUNDRMCLAY,EQ,23-10-2007,735.30,735.00,745.00,735.00,740.00,740.15,739.21,"1,224","9,04,787.80",-,"1,184",96.73
SUNDRMCLAY,EQ,24-10-2007,740.15,735.00,750.00,730.00,738.00,738.00,741.16,771,"5,71,433.45",-,684,88.72
SUNDRMCLAY,EQ,25-10-2007,738.00,755.10,769.85,747.65,755.40,756.80,760.40,"1,570","11,93,829.60",-,"1,202",76.56
SUNDRMCLAY,EQ,26-10-2007,756.80,744.10,775.00,740.00,775.00,772.55,769.11,"2,477","19,05,081.85",-,"2,035",82.16
SUNDRMCLAY,EQ,29-10-2007,772.55,781.00,819.00,780.00,780.05,781.50,797.93,"3,305","26,37,162.90",-,"2,856",86.41
SUNDRMCLAY,EQ,30-10-2007,781.50,775.00,800.00,773.95,780.15,780.15,783.71,"1,930","15,12,564.05",-,"1,639",84.92
SUNDRMCLAY,EQ,31-10-2007,780.15,781.00,793.00,751.25,780.00,783.30,770.87,"4,967","38,28,921.20",-,"4,367",87.92
SUNDRMCLAY,EQ,01-11-2007,783.30,781.30,795.00,781.00,795.00,789.90,786.87,"1,807","14,21,871.20",-,"1,605",88.82
SUNDRMCLAY,EQ,02-11-2007,789.90,756.50,790.00,756.50,776.20,776.40,775.31,267,"2,07,008.05",-,261,97.75
SUNDRMCLAY,EQ,05-11-2007,776.40,774.90,795.70,760.00,783.00,780.80,778.27,"1,361","10,59,230.50",-,"1,118",82.15
SUNDRMCLAY,EQ,06-11-2007,780.80,776.00,790.00,765.00,765.00,771.40,777.09,"1,301","10,10,992.00",-,"1,126",86.55
SUNDRMCLAY,EQ,07-11-2007,771.40,760.00,768.95,751.25,767.50,762.55,759.41,782,"5,93,858.50",-,702,89.77
SUNDRMCLAY,EQ,08-11-2007,762.55,716.35,775.00,716.35,775.00,771.40,768.63,239,"1,83,702.45",-,227,94.98
SUNDRMCLAY,EQ,09-11-2007,771.40,778.00,799.00,774.00,774.00,780.20,780.52,202,"1,57,664.25",-,185,91.58
SUNDRMCLAY,EQ,12-11-2007,780.20,742.00,810.00,713.25,810.00,791.00,781.86,"2,010","15,71,536.60",-,"1,843",91.69
SUNDRMCLAY,EQ,13-11-2007,791.00,762.00,790.00,762.00,780.00,774.35,780.86,592,"4,62,271.85",-,433,73.14
SUNDRMCLAY,EQ,14-11-2007,774.35,750.00,789.00,750.00,768.25,768.75,770.12,729,"5,61,418.65",-,592,81.21
SUNDRMCLAY,EQ,15-11-2007,768.75,761.30,779.90,760.00,772.90,766.80,765.61,708,"5,42,052.60",-,526,74.29
SUNDRMCLAY,EQ,16-11-2007,766.80,752.05,769.70,752.05,755.50,759.90,762.59,"1,582","12,06,414.10",-,"1,389",87.8
SUNDRMCLAY,EQ,19-11-2007,759.90,782.90,825.00,768.00,825.00,810.70,792.05,"3,372","26,70,801.55",-,"2,915",86.45
SUNDRMCLAY,EQ,20-11-2007,810.70,820.00,820.00,780.05,792.00,787.75,800.36,846,"6,77,100.95",-,662,78.25
SUNDRMCLAY,EQ,21-11-2007,787.75,781.00,804.00,771.50,771.50,771.65,792.80,503,"3,98,778.40",-,428,85.09
SUNDRMCLAY,EQ,22-11-2007,771.65,770.00,791.90,752.00,773.00,759.90,769.36,528,"4,06,220.00",-,474,89.77
SUNDRMCLAY,EQ,23-11-2007,759.90,789.75,790.00,756.40,756.55,759.85,764.40,657,"5,02,213.70",-,536,81.58
SUNDRMCLAY,EQ,26-11-2007,759.85,824.00,824.00,755.10,757.00,759.95,762.10,"5,045","38,44,769.55",-,"4,578",90.74
SUNDRMCLAY,EQ,27-11-2007,759.95,755.00,760.00,752.00,753.00,752.85,756.74,322,"2,43,668.75",-,321,99.69
SUNDRMCLAY,EQ,28-11-2007,752.85,737.30,752.00,737.25,748.00,748.75,750.07,"10,941","82,06,465.50",-,"10,896",99.59
SUNDRMCLAY,EQ,29-11-2007,748.75,736.40,755.00,736.35,751.00,751.00,748.66,166,"1,24,278.25",-,137,82.53
SUNDRMCLAY,EQ,30-11-2007,751.00,752.00,760.05,750.00,750.00,753.15,753.86,71,"53,524.10",-,54,76.06
SUNDRMCLAY,EQ,03-12-2007,753.15,750.00,774.00,745.00,769.30,760.50,761.52,511,"3,89,137.10",-,485,94.91
SUNDRMCLAY,EQ,04-12-2007,760.50,775.00,775.00,745.00,773.00,757.00,754.14,"1,992","15,02,249.10",-,"1,557",78.16
SUNDRMCLAY,EQ,05-12-2007,757.00,773.00,773.00,750.00,756.25,758.10,756.69,928,"7,02,204.20",-,751,80.93
SUNDRMCLAY,EQ,06-12-2007,758.10,760.00,848.00,755.00,780.00,776.25,772.74,898,"6,93,917.60",-,650,72.38
SUNDRMCLAY,EQ,07-12-2007,776.25,790.00,790.00,770.00,773.05,781.75,777.29,882,"6,85,567.75",-,511,57.94
SUNDRMCLAY,EQ,10-12-2007,781.75,795.00,795.00,774.05,794.50,793.10,784.11,824,"6,46,107.50",-,746,90.53
SUNDRMCLAY,EQ,11-12-2007,793.10,783.15,797.00,777.00,797.00,793.95,787.23,"1,672","13,16,255.90",-,"1,400",83.73
SUNDRMCLAY,EQ,12-12-2007,793.95,798.60,850.00,780.00,809.95,799.80,798.57,"1,205","9,62,273.25",-,691,57.34
SUNDRMCLAY,EQ,13-12-2007,799.80,840.90,840.90,789.00,789.00,789.80,804.79,"2,686","21,61,656.90",-,"2,509",93.41
SUNDRMCLAY,EQ,14-12-2007,789.80,767.00,791.00,766.10,778.00,781.15,785.07,"3,684","28,92,198.00",-,"3,684",100.0
SUNDRMCLAY,EQ,17-12-2007,781.15,790.00,809.95,781.00,809.95,795.45,795.22,"14,227","1,13,13,613.65",-,"13,466",94.65
SUNDRMCLAY,EQ,18-12-2007,795.45,798.00,800.90,787.10,787.10,789.75,794.25,"11,970","95,07,226.10",-,"11,635",97.2
SUNDRMCLAY,EQ,19-12-2007,789.75,796.00,798.00,785.00,785.00,786.15,793.20,"1,676","13,29,396.50",-,"1,462",87.23
SUNDRMCLAY,EQ,20-12-2007,786.15,790.00,800.00,790.00,797.00,793.25,794.47,383,"3,04,280.55",-,358,93.47
SUNDRMCLAY,EQ,24-12-2007,793.25,791.00,814.00,791.00,802.00,801.55,800.63,"1,177","9,42,343.05",-,"1,132",96.18
SUNDRMCLAY,EQ,26-12-2007,801.55,817.00,817.00,801.05,813.00,811.20,811.23,743,"6,02,744.15",-,563,75.77
SUNDRMCLAY,EQ,27-12-2007,811.20,834.90,849.90,818.00,825.00,826.45,825.39,"14,546","1,20,06,192.70",-,"14,216",97.73
SUNDRMCLAY,EQ,28-12-2007,826.45,825.00,841.65,806.00,826.00,833.60,834.61,"4,129","34,46,125.05",-,"3,918",94.89
SUNDRMCLAY,EQ,31-12-2007,833.60,849.00,"1,000.00",848.50,865.00,864.55,877.17,"7,752","67,99,852.35",-,"6,860",88.49
SUNDRMCLAY,EQ,01-01-2008,864.55,860.0,885.0,855.0,860.0,860.6,860.74,"2,578","22,18,987.50",-,"2,393",92.82
SUNDRMCLAY,EQ,02-01-2008,860.6,885.0,885.0,833.0,850.0,855.35,856.16,"12,423","1,06,36,132.30",-,"12,191",98.13
SUNDRMCLAY,EQ,03-01-2008,855.35,880.0,880.0,840.0,850.0,849.35,853.18,"7,972","68,01,546.15",-,"6,807",85.39
SUNDRMCLAY,EQ,04-01-2008,849.35,870.0,880.0,851.0,851.0,855.8,859.87,"18,165","1,56,19,588.55",-,"15,648",86.14
SUNDRMCLAY,EQ,07-01-2008,855.8,870.0,887.0,853.5,861.05,861.55,867.48,"2,073","17,98,292.65",-,"1,538",74.19
SUNDRMCLAY,EQ,08-01-2008,861.55,855.0,890.0,855.0,863.95,861.25,860.55,"50,500","4,34,57,647.60",-,"49,678",98.37
SUNDRMCLAY,EQ,09-01-2008,861.25,864.3,874.7,864.3,867.0,868.25,872.73,"10,846","94,65,665.30",-,"10,597",97.7
SUNDRMCLAY,EQ,10-01-2008,868.25,868.0,868.0,856.0,860.0,860.0,860.95,"22,505","1,93,75,582.70",-,"21,937",97.48
SUNDRMCLAY,EQ,11-01-2008,860.0,860.0,870.0,831.25,850.1,850.0,849.74,"23,397","1,98,81,438.75",-,"23,036",98.46
SUNDRMCLAY,EQ,14-01-2008,850.0,855.0,860.0,850.0,850.1,851.45,858.38,"15,723","1,34,96,319.25",-,"15,144",96.32
SUNDRMCLAY,EQ,15-01-2008,851.45,850.15,854.0,839.9,839.9,848.35,849.55,"1,966","16,70,221.05",-,"1,768",89.93
SUNDRMCLAY,EQ,16-01-2008,848.35,830.0,830.0,784.8,819.95,819.9,818.16,"1,156","9,45,790.00",-,952,82.35
SUNDRMCLAY,EQ,17-01-2008,819.9,817.0,820.0,810.0,810.0,814.8,816.06,907,"7,40,166.20",-,801,88.31
SUNDRMCLAY,EQ,18-01-2008,814.8,810.05,814.95,799.0,799.0,802.65,805.42,974,"7,84,475.40",-,884,90.76
SUNDRMCLAY,EQ,21-01-2008,802.65,775.55,800.0,651.25,740.0,733.6,748.22,"1,260","9,42,762.95",-,"1,038",82.38
SUNDRMCLAY,EQ,22-01-2008,733.6,740.0,740.0,600.0,636.0,639.5,648.96,349,"2,26,485.75",-,306,87.68
SUNDRMCLAY,EQ,23-01-2008,639.5,639.5,748.0,605.0,685.55,689.35,670.29,"1,646","11,03,291.90",-,"1,181",71.75
SUNDRMCLAY,EQ,24-01-2008,689.35,691.0,712.4,640.0,705.1,693.15,687.16,"1,342","9,22,164.40",-,"1,119",83.38
SUNDRMCLAY,EQ,25-01-2008,693.15,710.0,718.0,682.0,710.0,702.25,705.65,343,"2,42,036.75",-,305,88.92
SUNDRMCLAY,EQ,28-01-2008,702.25,710.0,725.0,680.0,683.1,692.3,695.48,"1,592","11,07,209.30",-,"1,134",71.23
SUNDRMCLAY,EQ,29-01-2008,692.3,691.0,722.0,672.25,710.0,714.0,707.76,"1,112","7,87,034.05",-,"1,001",90.02
SUNDRMCLAY,EQ,30-01-2008,714.0,734.0,734.0,680.05,700.0,699.25,700.13,279,"1,95,336.45",-,200,71.68
SUNDRMCLAY,EQ,31-01-2008,699.25,700.0,703.0,651.0,703.0,703.0,694.94,87,"60,459.50",-,86,98.85
SUNDRMCLAY,EQ,01-02-2008,703.0,729.0,729.0,680.0,680.0,680.3,688.65,"1,113","7,66,462.15",-,988,88.77
SUNDRMCLAY,EQ,04-02-2008,680.3,690.0,722.75,690.0,695.25,695.25,696.76,344,"2,39,684.25",-,263,76.45
SUNDRMCLAY,EQ,05-02-2008,695.25,696.0,714.0,689.0,700.0,703.85,699.29,148,"1,03,495.25",-,103,69.59
SUNDRMCLAY,EQ,06-02-2008,703.85,680.0,725.0,680.0,708.95,700.65,691.41,531,"3,67,139.90",-,376,70.81
SUNDRMCLAY,EQ,07-02-2008,700.65,708.0,715.0,701.0,706.0,705.9,708.79,295,"2,09,092.65",-,185,62.71
SUNDRMCLAY,EQ,08-02-2008,705.9,700.0,700.0,678.0,680.0,681.25,686.5,793,"5,44,391.10",-,762,96.09
SUNDRMCLAY,EQ,11-02-2008,681.25,681.0,690.0,640.0,640.0,640.0,650.66,"2,545","16,55,936.10",-,501,19.69
SUNDRMCLAY,EQ,12-02-2008,640.0,645.0,675.0,635.0,674.9,672.85,661.84,"1,412","9,34,513.35",-,"1,270",89.94
SUNDRMCLAY,EQ,13-02-2008,672.85,655.1,672.85,655.1,656.15,656.15,661.54,296,"1,95,817.25",-,206,69.59
SUNDRMCLAY,EQ,14-02-2008,656.15,670.1,684.85,651.1,666.9,666.9,665.37,475,"3,16,049.95",-,357,75.16
SUNDRMCLAY,EQ,15-02-2008,666.9,650.05,684.0,650.05,673.0,673.55,665.31,913,"6,07,429.60",-,513,56.19
SUNDRMCLAY,EQ,18-02-2008,673.55,675.0,688.0,666.05,679.8,669.1,678.84,269,"1,82,607.00",-,171,63.57
SUNDRMCLAY,EQ,19-02-2008,669.1,671.0,676.0,663.0,663.0,663.3,666.22,403,"2,68,488.55",-,281,69.73
SUNDRMCLAY,EQ,20-02-2008,663.3,650.25,669.5,650.25,652.5,652.5,653.44,115,"75,145.25",-,65,56.52
SUNDRMCLAY,EQ,21-02-2008,652.5,694.0,694.0,651.5,651.5,655.4,659.33,145,"95,602.20",-,100,68.97
SUNDRMCLAY,EQ,22-02-2008,655.4,679.0,679.0,650.0,650.0,650.8,651.93,217,"1,41,469.10",-,199,91.71
SUNDRMCLAY,EQ,25-02-2008,650.8,664.0,664.0,640.05,645.0,645.0,650.46,502,"3,26,532.95",-,419,83.47
SUNDRMCLAY,EQ,26-02-2008,645.0,650.25,655.9,645.0,653.0,650.45,648.03,"1,597","10,34,908.35",-,"1,581",99.0
SUNDRMCLAY,EQ,27-02-2008,650.45,658.0,664.0,650.0,650.1,651.0,656.22,582,"3,81,920.80",-,551,94.67
SUNDRMCLAY,EQ,28-02-2008,651.0,651.5,651.5,641.0,642.0,645.7,646.62,506,"3,27,187.80",-,416,82.21
SUNDRMCLAY,EQ,29-02-2008,645.7,665.0,665.0,630.15,660.0,649.6,646.17,279,"1,80,281.70",-,187,67.03
SUNDRMCLAY,EQ,03-03-2008,649.6,647.0,653.95,640.0,643.0,646.1,644.97,182,"1,17,384.05",-,162,89.01
SUNDRMCLAY,EQ,04-03-2008,646.1,630.1,665.0,621.0,621.0,628.4,638.38,677,"4,32,183.95",-,352,51.99
SUNDRMCLAY,EQ,05-03-2008,628.4,630.0,667.0,629.1,660.0,663.3,642.22,"1,988","12,76,728.20",-,"1,918",96.48
SUNDRMCLAY,EQ,07-03-2008,663.3,675.0,719.0,632.0,664.0,664.0,655.93,"2,234","14,65,350.90",-,"2,049",91.72
SUNDRMCLAY,EQ,10-03-2008,664.0,580.0,680.0,580.0,620.0,623.15,628.49,779,"4,89,592.50",-,468,60.08
SUNDRMCLAY,EQ,11-03-2008,623.15,615.55,669.95,605.0,650.0,656.9,626.41,"3,471","21,74,279.70",-,"2,459",70.84
SUNDRMCLAY,EQ,12-03-2008,656.9,650.0,675.0,640.0,659.0,643.75,657.81,391,"2,57,205.05",-,253,64.71
SUNDRMCLAY,EQ,13-03-2008,643.75,640.0,640.0,585.05,595.0,599.7,609.94,763,"4,65,387.05",-,371,48.62
SUNDRMCLAY,EQ,14-03-2008,599.7,601.1,619.0,591.0,592.0,593.25,599.86,596,"3,57,516.65",-,437,73.32
SUNDRMCLAY,EQ,17-03-2008,593.25,587.1,593.0,550.55,551.0,551.1,568.8,936,"5,32,394.45",-,740,79.06
SUNDRMCLAY,EQ,18-03-2008,551.1,560.1,561.55,452.65,550.0,550.05,527.87,992,"5,23,643.85",-,562,56.65
SUNDRMCLAY,EQ,19-03-2008,550.05,635.0,635.0,540.0,540.5,555.55,558.93,"6,934","38,75,610.00",-,744,10.73
SUNDRMCLAY,EQ,24-03-2008,555.55,535.0,555.0,515.0,515.0,528.15,539.58,816,"4,40,296.25",-,801,98.16
SUNDRMCLAY,EQ,25-03-2008,528.15,516.0,545.0,503.05,545.0,540.5,527.65,"3,375","17,80,830.65",-,"3,000",88.89
SUNDRMCLAY,EQ,26-03-2008,540.5,547.2,549.0,522.0,523.1,529.2,529.77,318,"1,68,466.15",-,277,87.11
SUNDRMCLAY,EQ,27-03-2008,529.2,552.0,552.0,522.0,545.0,545.0,538.74,"4,676","25,19,164.15",-,667,14.26
SUNDRMCLAY,EQ,28-03-2008,545.0,555.0,555.0,531.05,550.05,546.6,546.58,"15,556","85,02,670.25",-,"15,478",99.5
SUNDRMCLAY,EQ,31-03-2008,546.6,560.0,560.0,546.0,546.0,546.0,552.23,396,"2,18,683.55",-,273,68.94
SUNDRMCLAY,EQ,01-04-2008,546.0,551.1,560.95,501.05,535.0,532.35,525.48,723,"3,79,920.40",-,410,56.71
SUNDRMCLAY,EQ,02-04-2008,532.35,611.9,620.0,550.0,613.0,614.95,594.44,"1,605","9,54,074.70",-,"1,124",70.03
SUNDRMCLAY,EQ,03-04-2008,614.95,638.8,685.0,600.0,600.0,614.8,632.82,893,"5,65,104.10",-,642,71.89
SUNDRMCLAY,EQ,04-04-2008,614.8,630.0,635.0,589.0,600.0,594.2,603.62,617,"3,72,432.65",-,460,74.55
SUNDRMCLAY,EQ,07-04-2008,594.2,601.0,629.95,600.0,620.0,610.55,613.13,415,"2,54,447.60",-,237,57.11
SUNDRMCLAY,EQ,08-04-2008,610.55,626.9,627.0,605.15,627.0,618.2,618.92,491,"3,03,888.00",-,301,61.3
SUNDRMCLAY,EQ,09-04-2008,618.2,638.8,650.0,614.15,631.0,624.65,628.6,881,"5,53,800.20",-,695,78.89
SUNDRMCLAY,EQ,10-04-2008,624.65,630.0,648.9,615.0,628.0,620.75,623.96,725,"4,52,370.10",-,538,74.21
SUNDRMCLAY,EQ,11-04-2008,620.75,615.05,635.0,615.0,625.9,617.75,621.62,568,"3,53,077.45",-,458,80.63
SUNDRMCLAY,EQ,15-04-2008,617.75,620.0,620.0,610.0,619.0,618.95,616.03,388,"2,39,020.05",-,356,91.75
SUNDRMCLAY,EQ,16-04-2008,618.95,615.0,630.0,602.05,610.05,610.75,614.07,"1,451","8,91,014.30",-,"1,086",74.84
SUNDRMCLAY,EQ,17-04-2008,610.75,640.0,645.0,620.0,621.0,626.5,632.25,847,"5,35,513.30",-,598,70.6
SUNDRMCLAY,EQ,21-04-2008,626.5,620.1,663.0,620.1,663.0,654.45,648.56,"1,266","8,21,081.65",-,"1,053",83.18
SUNDRMCLAY,EQ,22-04-2008,654.45,784.0,784.0,643.05,670.0,653.55,654.34,343,"2,24,439.75",-,295,86.01
SUNDRMCLAY,EQ,23-04-2008,653.55,673.0,684.8,666.55,673.55,675.5,676.68,"1,350","9,13,518.85",-,"1,243",92.07
